[#53] T=26s 503ms 0us | HT=6593 TC=6602 drop=0
  CH1(PC0): base=117 noise=0 thr=3 | 117 117 117 117 117 117 117 117 117 117 117 117 117 117 117 117 117 117 117 117 117 117 117 117 117 117 117 117 117 117 117 117
  CH2(PC1): base=117 noise=0 thr=3 | 117 117 117 117 117 117 117 117 117 117 117 117 117 117 117 117 117 117 117 117 117 117 117 117 117 117 117 117 117 117 117 117
  CH3(PC2): base=116 noise=0 thr=3 | 116 116 116 116 116 116 116 116 116 116 116 116 116 116 116 116 116 116 116 116 116 116 116 116 116 116 116 116 116 116 116 116
  CH4(PC3): base=117 noise=0 thr=3 | 117 117 117 117 117 117 117 117 117 117 117 117 117 117 117 117 117 117 117 117 117 117 117 117 117 117 117 117 117 117 117 117
  CH5(PA3): base=117 noise=0 thr=3 | 117 117 117 117 117 117 117 117 117 117 117 117 117 117 117 117 117 117 117 117 117 117 117 117 117 117 117 117 117 117 117 117
  CH6(PA4): base=116 noise=0 thr=3 | 116 116 116 116 116 116 116 116 116 116 116 116 116 116 116 116 116 116 116 116 116 116 116 116 116 116 116 116 116 116 116 116
[#54] T=27s 3ms 0us | HT=6721 TC=6729 drop=0
  CH1(PC0): base=117 noise=0 thr=3 | 117 117 117 117 117 117 117 117 117 117 117 117 117 117 117 117 117 117 117 117 117 117 117 117 117 117 117 117 117 117 117 117
  CH2(PC1): base=117 noise=0 thr=3 | 117 117 117 117 117 117 117 117 117 117 117 117 117 117 117 117 117 117 117 117 117 117 117 117 117 117 117 117 117 117 117 117
  CH3(PC2): base=116 noise=0 thr=3 | 116 116 116 116 116 116 116 116 116 116 116 116 116 116 116 116 116 116 116 116 116 116 116 116 116 116 116 116 116 116 116 116
  CH4(PC3): base=117 noise=0 thr=3 | 117 117 117 117 117 117 117 117 117 117 117 117 117 117 117 117 117 117 117 117 117 117 117 117 117 117 117 117 117 117 117 117
  CH5(PA3): base=116 noise=1 thr=3 | 117 117 117 117 117 117 117 117 117 117 117 117 117 117 116 117 117 117 117 117 117 117 116 116 117 117 117 117 117 117 117 117
  CH6(PA4): base=116 noise=0 thr=3 | 116 116 116 116 116 116 116 116 116 116 116 116 116 116 116 116 116 116 116 116 116 116 116 116 116 116 116 116 116 116 116 116
[#55] T=27s 503ms 0us | HT=6848 TC=6856 drop=0
  CH1(PC0): base=117 noise=0 thr=3 | 117 117 117 117 117 117 117 117 117 117 117 117 117 117 117 117 117 117 117 117 117 117 117 117 117 117 117 117 117 117 117 117
  CH2(PC1): base=117 noise=0 thr=3 | 117 117 117 117 117 117 117 117 117 117 117 117 117 117 117 117 117 117 117 117 117 117 117 117 117 117 117 117 117 117 117 117
  CH3(PC2): base=115 noise=1 thr=3 | 116 116 116 116 116 116 116 116 116 116 116 116 116 116 116 116 116 116 116 116 116 116 116 116 116 116 116 116 116 116 116 116
  CH4(PC3): base=115 noise=32 thr=3 | 122 116 111 106 101 101 102 104 108 113 119 125 129 132 133 132 129 124 119 113 108 104 102 101 103 106 111 116 122 127 130 132
  CH5(PA3): base=116 noise=2 thr=3 | 117 117 117 117 116 117 117 117 116 117 116 116 116 116 116 117 117 117 117 117 117 117 117 117 116 116 116 116 116 116 117 117
  CH6(PA4): base=115 noise=1 thr=3 | 115 116 116 116 116 116 116 116 116 116 116 116 116 116 116 116 116 116 116 116 116 116 116 116 116 116 116 116 116 116 116 116
[#56] T=28s 3ms 0us | HT=6975 TC=6983 drop=0
  CH1(PC0): base=117 noise=0 thr=3 | 117 117 117 117 117 117 117 117 117 117 117 117 117 117 117 117 117 117 117 117 117 117 117 117 117 117 117 117 117 117 117 117
  CH2(PC1): base=117 noise=0 thr=3 | 117 117 117 117 117 117 117 117 117 117 117 117 117 117 117 117 117 117 117 117 117 117 117 116 117 117 117 117 117 117 117 116
  CH3(PC2): base=116 noise=0 thr=3 | 116 116 116 116 116 116 116 116 116 116 116 116 116 116 116 116 116 116 116 116 116 116 116 116 116 116 116 116 116 116 116 116
  CH4(PC3): base=117 noise=0 thr=3 | 117 117 117 117 117 117 117 117 117 117 117 117 117 117 117 117 117 117 117 117 117 117 117 117 117 117 117 117 117 117 117 117
  CH5(PA3): base=116 noise=1 thr=3 | 117 116 117 117 117 117 117 116 117 117 117 117 117 117 116 116 117 117 117 117 117 117 116 116 117 117 117 117 117 117 116 116
  CH6(PA4): base=116 noise=0 thr=3 | 116 116 116 116 116 116 116 116 116 116 116 116 116 116 116 116 116 116 116 116 116 116 116 116 116 116 116 116 116 116 116 116
[#57] T=28s 503ms 0us | HT=7102 TC=7111 drop=0
  CH1(PC0): base=117 noise=0 thr=3 | 117 117 117 117 117 117 117 117 117 117 117 117 117 117 117 117 117 117 117 117 117 117 117 117 117 117 117 117 117 117 117 117
  CH2(PC1): base=117 noise=0 thr=3 | 117 117 117 117 117 117 117 117 117 117 117 117 117 117 117 117 117 117 117 117 117 117 117 117 117 117 117 117 117 117 117 117
  CH3(PC2): base=116 noise=0 thr=3 | 116 116 116 116 116 116 116 116 116 116 116 116 116 116 116 116 116 116 116 116 116 116 116 116 116 116 116 116 116 116 116 116
  CH4(PC3): base=117 noise=0 thr=3 | 117 117 117 117 117 117 117 117 117 117 117 117 117 117 117 117 117 117 117 117 117 117 117 117 117 117 117 117 117 117 117 117
  CH5(PA3): base=117 noise=0 thr=3 | 117 117 117 117 117 117 117 117 117 117 117 117 117 117 117 117 117 117 117 117 117 117 117 117 117 117 117 117 117 117 117 117
  CH6(PA4): base=116 noise=0 thr=3 | 116 116 116 116 116 116 116 116 116 116 116 116 116 116 116 116 116 116 116 116 116 116 116 116 116 116 116 116 116 116 116 116
[#58] T=29s 3ms 0us | HT=7229 TC=7238 drop=0
  CH1(PC0): base=117 noise=0 thr=3 | 117 117 117 117 117 117 117 117 117 117 117 117 117 117 117 117 117 117 117 117 117 117 117 117 117 117 117 117 117 117 117 117
  CH2(PC1): base=117 noise=0 thr=3 | 117 117 117 117 117 117 117 117 117 117 117 117 117 117 117 117 117 117 117 117 117 117 117 117 117 117 117 117 117 117 117 117
  CH3(PC2): base=115 noise=2 thr=3 | 116 116 116 116 116 116 116 116 116 116 116 116 116 116 116 116 116 116 116 116 116 116 116 116 116 116 116 116 116 116 116 116
  CH4(PC3): base=116 noise=30 thr=3 | 127 122 116 111 107 104 102 103 105 108 113 118 123 128 131 132 131 128 124 119 113 108 105 103 102 104 107 111 116 121 126 130
  CH5(PA3): base=116 noise=2 thr=3 | 117 117 117 117 117 117 117 117 117 117 117 117 117 117 118 117 117 117 117 117 117 117 117 117 117 117 117 117 117 117 117 117
  CH6(PA4): base=116 noise=0 thr=3 | 116 116 116 116 116 116 116 116 116 116 116 116 116 116 116 116 116 116 116 116 116 116 116 116 116 116 116 116 116 116 116 116
[#59] T=29s 503ms 0us | HT=7356 TC=7365 drop=0
  CH1(PC0): base=117 noise=0 thr=3 | 117 117 117 117 117 117 117 117 117 117 117 117 117 117 117 117 117 117 117 117 117 117 117 117 117 117 117 117 117 117 117 117
  CH2(PC1): base=117 noise=0 thr=3 | 117 117 117 117 117 117 117 117 117 117 117 117 117 117 117 117 117 117 117 117 117 117 117 117 117 117 117 117 117 117 117 117
  CH3(PC2): base=116 noise=0 thr=3 | 116 116 116 116 116 116 116 116 116 116 116 116 116 116 116 116 116 116 116 116 116 116 116 116 116 116 116 116 116 116 116 116
  CH4(PC3): base=117 noise=0 thr=3 | 117 117 117 117 117 117 117 117 117 117 117 117 117 117 117 117 117 117 117 117 117 117 117 117 117 117 117 117 117 117 117 117
  CH5(PA3): base=117 noise=0 thr=3 | 117 117 117 117 117 117 117 117 117 117 117 117 117 117 117 117 117 117 117 117 117 117 117 117 117 117 117 117 117 117 117 117
  CH6(PA4): base=116 noise=0 thr=3 | 116 116 116 116 116 116 116 116 116 116 116 116 116 116 116 116 116 116 116 116 116 116 116 116 116 116 116 116 116 116 116 116
[BENCH] 1024pt freq=40000.0 Hz | Full=382.52 us | CFFT=455.58 us (218680 cyc) | RFFT=236.77 us (113652 cyc) | CPU=480MHz rfft_init=1
[#60] T=30s 3ms 0us | HT=7484 TC=7492 drop=0
  CH1(PC0): base=117 noise=0 thr=3 | 117 117 117 117 117 117 117 117 117 117 117 117 117 117 117 117 117 117 117 117 117 117 117 117 117 117 117 117 117 117 117 117
  CH2(PC1): base=117 noise=0 thr=3 | 117 117 117 117 117 117 117 117 117 117 117 117 117 117 117 117 117 117 117 117 117 117 117 117 117 117 117 117 117 117 117 117
  CH3(PC2): base=116 noise=0 thr=3 | 116 116 116 116 116 116 116 116 116 116 116 116 116 116 116 116 116 116 116 116 116 116 116 116 116 116 116 116 116 116 116 116
  CH4(PC3): base=117 noise=0 thr=3 | 117 117 117 117 117 117 117 117 117 117 117 117 117 117 117 117 117 117 117 117 117 117 117 117 117 117 117 117 117 117 117 117
  CH5(PA3): base=117 noise=0 thr=3 | 117 117 117 117 117 117 117 117 117 117 117 117 117 117 116 117 117 117 117 117 117 117 116 116 117 117 117 117 117 117 116 117
  CH6(PA4): base=116 noise=0 thr=3 | 116 116 116 116 116 116 116 116 116 116 116 116 116 116 116 116 116 116 116 116 116 116 116 116 116 116 116 116 116 116 116 116
[#61] T=30s 503ms 0us | HT=7611 TC=7619 drop=0
  CH1(PC0): base=117 noise=0 thr=3 | 117 117 117 117 117 117 117 117 117 117 117 117 117 117 117 117 117 117 117 117 117 117 117 117 117 117 117 117 117 117 117 117
  CH2(PC1): base=116 noise=1 thr=3 | 117 117 117 117 117 117 117 117 117 117 117 117 117 117 117 117 117 117 117 116 117 117 117 117 117 117 117 117 117 117 117 117
  CH3(PC2): base=115 noise=2 thr=3 | 116 116 116 116 116 116 116 116 116 116 116 116 116 116 116 116 116 116 116 116 116 114 116 116 116 116 116 116 116 116 116 116
  CH4(PC3): base=117 noise=1 thr=3 | 117 117 117 117 117 117 117 117 117 117 117 117 117 117 117 117 117 117 117 117 117 117 117 117 117 117 117 117 117 117 117 117
  CH5(PA3): base=116 noise=1 thr=3 | 117 117 117 117 117 117 117 117 117 117 117 117 117 117 117 116 116 117 117 117 117 117 117 116 117 117 117 117 117 117 116 116
  CH6(PA4): base=115 noise=1 thr=3 | 116 116 116 116 116 116 116 116 116 116 116 116 116 116 116 116 116 116 116 116 116 116 116 116 116 116 116 116 116 116 116 116
[#62] T=31s 3ms 0us | HT=7738 TC=7746 drop=0
  CH1(PC0): base=117 noise=0 thr=3 | 117 117 117 117 117 117 117 117 117 117 117 117 117 117 117 117 117 117 117 117 117 117 117 117 117 117 117 117 117 117 117 117
  CH2(PC1): base=117 noise=0 thr=3 | 117 117 117 117 117 117 117 117 117 117 117 117 117 117 117 117 117 117 117 117 117 117 117 117 117 117 117 117 117 117 117 117
  CH3(PC2): base=116 noise=0 thr=3 | 116 116 116 116 116 116 116 116 116 116 116 116 116 116 116 116 116 116 116 116 116 116 116 116 116 116 116 116 116 116 116 116
  CH4(PC3): base=117 noise=0 thr=3 | 117 117 117 117 117 117 117 117 117 117 117 117 117 117 117 117 117 117 117 117 117 117 117 117 117 117 117 117 117 117 117 117
  CH5(PA3): base=116 noise=1 thr=3 | 116 116 117 117 117 117 117 117 116 116 117 117 117 117 117 117 116 117 117 116 117 117 117 117 116 117 117 117 117 117 117 116
  CH6(PA4): base=116 noise=0 thr=3 | 116 116 116 116 116 116 116 116 116 116 116 116 116 116 116 116 116 116 116 116 116 116 116 116 116 116 116 116 116 116 116 116
  [TRIG_CAND] CH1(PC0): base=117 noise=0 thr=3 trans@1439 hits=98/100
  [TRIG_CAND] CH3(PC2): base=116 noise=0 thr=3 trans@1448 hits=96/100
>>> EVENT CH1(PC0) [F#15520 N=2]: T=8s 947ms 295us | freq=39744.9 Hz | base=117 noise=0 thr=3 | trans@1439 peak@1482(+-0.50) rkOff=0.00 | fft=0 cyc (0.00 us) (target=20KHz 0.1V)
    BEFORE:  64  83 104 128 151 169 182 193 201 207 |<PEAK>|  207 201 189 172 151 126  99  71  45  21   1   0   0   0   0   0  14  34  58  86 116 142 162 177 189 198 204 203 195 181 161 136 108  77  47  18   0   0   0   0   0   0   0   6  25  49  75 104 132 154
>>> EVENT CH3(PC2) [F#15520 N=2]: T=8s 947ms 304us | freq=40500.0 Hz | base=116 noise=0 thr=3 | trans@1448 peak@1491(+0.17) rkOff=0.33 | fft=0 cyc (0.00 us) (target=20KHz 0.1V)
    BEFORE:  53  69  88 111 135 156 172 185 195 202 |<PEAK>|  206 204 196 183 165 142 117  89  62  36  13   0   0   0   0   0   2  17  38  62  90 119 144 162 177 188 196 201 199 190 176 156 132 104  75  46  18   0   0   0   0   0   0   0   7  25  48  74 102 129
[#63] T=31s 503ms 0us | HT=7865 TC=7873 drop=0
  CH1(PC0): base=117 noise=0 thr=3 | 117 117 117 117 117 117 117 117 117 117 117 117 117 117 117 117 117 117 117 117 117 117 117 117 117 117 117 117 117 117 117 117
  CH2(PC1): base=116 noise=1 thr=3 | 117 117 117 117 117 117 117 117 117 117 117 117 117 117 117 117 117 117 117 117 117 117 117 117 117 117 117 117 117 117 117 117
  CH3(PC2): base=116 noise=0 thr=3 | 116 116 116 116 116 116 116 116 116 116 116 116 116 116 116 116 116 116 116 116 116 116 116 116 116 116 116 116 116 116 116 116
  CH4(PC3): base=117 noise=0 thr=3 | 117 117 117 117 117 117 117 117 117 117 117 117 117 117 117 117 117 117 117 117 117 117 117 117 117 117 117 117 117 117 117 117
  CH5(PA3): base=116 noise=1 thr=3 | 117 117 117 117 117 117 117 117 117 117 117 117 117 117 117 117 117 117 117 117 117 117 117 117 117 117 117 117 117 117 117 117
  CH6(PA4): base=116 noise=0 thr=3 | 116 116 116 116 116 116 116 116 116 116 116 116 116 116 116 116 116 116 116 116 116 116 116 116 116 116 116 116 116 116 116 116
[#64] T=32s 3ms 0us | HT=7992 TC=8001 drop=0
  CH1(PC0): base=116 noise=2 thr=3 | 117 117 117 117 116 117 117 117 117 117 117 117 117 117 117 117 117 117 117 117 117 117 117 117 117 117 117 117 117 117 117 117
  CH2(PC1): base=116 noise=2 thr=3 | 117 117 117 117 117 117 117 117 117 117 117 117 117 117 117 117 117 117 117 117 117 117 117 117 117 117 117 117 117 117 117 117
  CH3(PC2): base=115 noise=1 thr=3 | 116 116 116 116 116 116 116 116 116 116 116 116 116 116 115 116 116 116 116 116 116 116 116 116 116 116 116 116 116 116 116 116
  CH4(PC3): base=116 noise=4 thr=3 | 118 117 117 117 117 117 116 116 116 116 116 116 116 116 116 116 116 116 117 117 117 117 117 117 118 118 118 118 118 118 117 117
  CH5(PA3): base=116 noise=3 thr=3 | 117 117 117 117 117 117 117 117 117 117 117 117 117 117 117 117 117 117 117 117 117 117 117 117 117 117 117 117 117 117 117 117
  CH6(PA4): base=116 noise=3 thr=3 | 116 116 116 116 116 116 116 116 116 116 118 116 116 116 116 116 116 115 116 116 116 116 116 116 116 116 116 116 116 116 116 116
[#65] T=32s 503ms 0us | HT=8119 TC=8128 drop=0
  CH1(PC0): base=117 noise=0 thr=3 | 117 117 117 117 117 117 117 117 117 117 117 117 117 117 117 117 117 117 117 117 117 117 117 117 117 117 117 117 117 117 117 117
  CH2(PC1): base=117 noise=0 thr=3 | 117 117 117 117 117 117 117 117 117 117 117 117 117 117 117 117 117 117 117 117 117 117 117 117 117 117 117 117 117 117 117 117
  CH3(PC2): base=116 noise=0 thr=3 | 116 116 116 116 116 116 116 116 116 116 116 116 116 116 116 116 116 116 116 116 116 116 116 116 116 116 116 116 116 116 116 116
  CH4(PC3): base=117 noise=0 thr=3 | 117 117 117 117 117 117 117 117 117 117 117 117 117 117 117 117 117 117 117 117 117 117 117 117 117 117 117 117 117 117 117 117
  CH5(PA3): base=117 noise=0 thr=3 | 117 117 117 117 117 117 117 117 117 117 117 117 117 117 117 117 117 117 117 117 117 117 117 117 117 117 117 117 117 117 117 117
  CH6(PA4): base=116 noise=0 thr=3 | 116 116 116 116 116 116 116 116 116 116 116 116 116 116 116 116 116 116 116 116 116 116 116 116 116 116 116 116 116 116 116 116
[#66] T=33s 3ms 0us | HT=8246 TC=8255 drop=0
  CH1(PC0): base=117 noise=0 thr=3 | 117 117 117 117 117 117 117 117 117 117 117 117 117 117 117 117 117 117 117 117 117 117 117 117 117 117 117 117 117 117 117 117
  CH2(PC1): base=117 noise=0 thr=3 | 117 117 117 117 117 117 117 117 117 117 117 117 117 117 117 117 117 117 117 117 117 117 117 117 117 117 117 117 117 117 117 117
  CH3(PC2): base=116 noise=0 thr=3 | 116 116 116 116 116 116 116 116 116 116 116 116 116 116 116 116 116 116 116 116 116 116 116 116 116 116 116 116 116 116 116 116
  CH4(PC3): base=117 noise=0 thr=3 | 117 117 117 117 117 117 117 117 117 117 117 117 117 117 117 117 117 117 117 117 117 117 117 117 117 117 117 117 117 117 117 117
  CH5(PA3): base=117 noise=0 thr=3 | 117 117 117 117 117 117 117 117 117 117 117 117 117 117 117 117 117 117 117 117 117 117 117 117 117 117 117 117 117 117 117 117
  CH6(PA4): base=116 noise=0 thr=3 | 116 116 116 116 116 116 116 116 116 116 116 116 116 116 116 116 116 116 116 116 116 116 116 116 116 116 116 116 116 116 116 116
[#67] T=33s 503ms 0us | HT=8374 TC=8382 drop=0
  CH1(PC0): base=116 noise=2 thr=3 | 117 117 117 117 117 117 117 117 117 117 115 117 117 117 117 117 117 117 117 117 117 117 117 117 117 117 117 117 117 117 117 117
  CH2(PC1): base=116 noise=2 thr=3 | 117 117 117 117 117 117 117 117 117 117 117 117 117 117 116 117 117 117 117 117 117 116 117 117 117 117 117 117 117 117 117 117
  CH3(PC2): base=116 noise=2 thr=3 | 116 116 116 116 116 116 116 116 116 116 116 116 116 116 116 116 116 116 116 116 116 116 116 116 116 116 116 116 116 116 116 116
  CH4(PC3): base=117 noise=3 thr=3 | 117 117 117 117 117 117 119 117 117 117 117 117 117 117 117 117 117 117 117 117 117 117 117 117 117 117 117 117 117 117 117 117
  CH5(PA3): base=116 noise=2 thr=3 | 117 117 117 117 117 117 117 117 117 117 118 117 117 117 117 117 117 117 117 117 117 117 117 117 116 117 117 117 117 116 117 117
  CH6(PA4): base=115 noise=1 thr=3 | 116 116 116 116 116 116 116 116 116 116 116 116 116 116 116 116 116 116 116 116 116 116 116 116 116 116 116 116 116 116 116 116
[#68] T=34s 3ms 0us | HT=8501 TC=8509 drop=0
  CH1(PC0): base=117 noise=0 thr=3 | 117 117 117 117 117 117 117 117 117 117 117 117 117 117 117 117 117 117 117 117 117 117 117 117 117 117 117 117 117 117 117 117
  CH2(PC1): base=117 noise=0 thr=3 | 117 117 117 117 117 117 117 117 117 117 117 117 117 117 117 117 117 117 117 117 117 117 117 117 117 117 117 117 117 117 117 117
  CH3(PC2): base=116 noise=0 thr=3 | 116 116 116 116 116 116 116 116 116 116 116 116 116 116 116 116 116 116 116 116 116 116 116 116 116 116 116 116 116 116 116 116
  CH4(PC3): base=117 noise=0 thr=3 | 117 117 117 117 117 117 117 117 117 117 117 117 117 117 117 117 117 117 117 117 117 117 117 117 117 117 117 117 117 117 117 117
  CH5(PA3): base=116 noise=1 thr=3 | 117 116 116 117 117 117 117 117 117 117 117 117 117 117 117 117 116 117 117 117 117 117 117 117 116 117 117 117 117 117 117 116
  CH6(PA4): base=116 noise=0 thr=3 | 116 116 116 116 116 116 116 116 116 116 116 116 116 116 116 116 116 116 116 116 116 116 116 116 116 116 116 116 116 116 116 116
[#69] T=34s 503ms 0us | HT=8628 TC=8636 drop=0
  CH1(PC0): base=117 noise=0 thr=3 | 117 117 117 117 117 117 117 117 117 117 117 117 117 117 117 117 117 117 117 117 117 117 117 117 117 117 117 117 117 117 117 117
  CH2(PC1): base=117 noise=0 thr=3 | 117 117 117 117 117 117 117 117 116 116 117 117 117 117 117 117 116 117 117 117 117 117 117 117 117 116 117 117 117 117 117 117
  CH3(PC2): base=116 noise=0 thr=3 | 116 116 116 116 116 116 116 116 116 116 116 116 116 116 116 116 116 116 116 116 116 116 116 116 116 116 116 116 116 116 116 116
  CH4(PC3): base=117 noise=0 thr=3 | 117 117 117 117 117 117 117 117 117 117 117 117 117 117 117 117 117 117 117 117 117 117 117 117 117 117 117 117 117 117 117 117
  CH5(PA3): base=116 noise=1 thr=3 | 117 117 117 117 117 117 117 116 116 116 116 117 117 117 117 117 116 116 117 117 117 117 117 116 116 116 117 117 117 117 117 116
  CH6(PA4): base=116 noise=0 thr=3 | 116 116 116 116 116 116 116 116 116 116 116 116 116 116 116 116 116 116 116 116 116 116 116 116 116 116 116 116 116 116 116 116
[BENCH] 1024pt freq=40000.0 Hz | Full=382.13 us | CFFT=456.75 us (219240 cyc) | RFFT=236.84 us (113686 cyc) | CPU=480MHz rfft_init=1
[#70] T=35s 3ms 0us | HT=8755 TC=8764 drop=0
  CH1(PC0): base=117 noise=0 thr=3 | 117 117 117 117 117 117 117 117 117 117 117 117 117 117 117 117 117 117 117 117 117 117 117 117 117 117 117 117 117 117 117 117
  CH2(PC1): base=117 noise=0 thr=3 | 117 117 117 117 117 117 117 117 117 117 117 117 117 117 117 117 117 117 117 117 117 117 117 117 117 117 117 117 117 117 117 117
  CH3(PC2): base=116 noise=0 thr=3 | 116 116 116 116 116 116 116 116 116 116 116 116 116 116 116 116 116 116 116 116 116 116 116 116 116 116 116 116 116 116 116 116
  CH4(PC3): base=117 noise=0 thr=3 | 117 117 117 117 117 117 117 117 117 117 117 117 117 117 117 117 117 117 117 117 117 117 117 117 117 117 117 117 117 117 117 117
  CH5(PA3): base=117 noise=0 thr=3 | 117 117 117 117 117 117 117 117 117 117 117 117 117 117 117 117 117 117 117 117 117 117 117 117 117 117 117 117 117 117 117 117
  CH6(PA4): base=116 noise=0 thr=3 | 116 116 116 116 116 116 116 116 116 116 116 116 116 116 116 116 116 116 116 116 116 116 116 116 116 116 116 116 116 116 116 116
[#71] T=35s 503ms 0us | HT=8882 TC=8891 drop=0
  CH1(PC0): base=117 noise=0 thr=3 | 117 117 117 117 117 117 117 117 117 117 117 117 117 117 117 117 117 117 117 117 117 117 117 117 117 117 117 117 117 117 117 117
  CH2(PC1): base=117 noise=0 thr=3 | 117 117 117 117 117 117 117 117 117 117 117 117 117 117 117 117 117 117 117 117 117 117 117 117 117 117 117 117 117 117 117 117
  CH3(PC2): base=116 noise=0 thr=3 | 116 116 116 116 116 116 116 116 116 116 116 116 116 116 116 116 116 116 116 116 116 116 116 116 116 116 116 116 116 116 116 116
  CH4(PC3): base=117 noise=0 thr=3 | 117 117 117 117 117 117 117 117 117 117 117 117 117 117 117 117 117 117 117 117 117 117 117 117 117 117 117 117 117 117 117 117
  CH5(PA3): base=117 noise=0 thr=3 | 117 117 117 117 117 117 117 117 117 117 117 117 117 117 117 117 117 117 117 117 117 117 117 117 117 117 117 117 117 117 117 117
  CH6(PA4): base=116 noise=0 thr=3 | 116 116 116 116 116 116 116 116 116 116 116 116 116 116 116 116 116 116 116 116 116 116 116 116 116 116 116 116 116 116 116 116
[#72] T=36s 3ms 0us | HT=9009 TC=9018 drop=0
  CH1(PC0): base=117 noise=0 thr=3 | 117 117 117 117 117 117 117 117 117 117 117 117 117 117 117 117 117 117 117 117 117 117 117 117 117 117 117 117 117 117 117 117
  CH2(PC1): base=117 noise=0 thr=3 | 117 117 117 117 117 117 117 117 117 117 117 117 117 117 117 117 117 117 117 117 117 117 117 117 117 117 117 117 117 117 117 117
  CH3(PC2): base=116 noise=0 thr=3 | 116 116 116 116 116 116 116 116 116 116 116 116 116 116 116 116 116 116 116 116 116 116 116 116 116 116 116 116 116 116 116 116
  CH4(PC3): base=117 noise=0 thr=3 | 117 117 117 117 117 117 117 117 117 117 117 117 117 117 117 117 117 117 117 117 117 117 117 117 117 117 117 117 117 117 117 117
  CH5(PA3): base=117 noise=0 thr=3 | 117 117 117 117 117 117 117 117 117 117 117 117 117 117 117 117 117 117 117 117 117 117 117 117 117 117 117 117 117 117 117 117
  CH6(PA4): base=116 noise=0 thr=3 | 116 116 116 116 116 116 116 116 116 116 116 116 116 116 116 116 116 116 116 116 116 116 116 116 116 116 116 116 116 116 116 116
[#73] T=36s 503ms 0us | HT=9137 TC=9145 drop=0
  CH1(PC0): base=117 noise=1 thr=3 | 117 117 117 117 117 117 117 117 117 117 117 117 117 117 117 117 117 117 117 117 117 117 117 117 117 117 117 117 117 117 117 117
  CH2(PC1): base=117 noise=0 thr=3 | 117 117 117 117 117 117 117 117 117 117 117 117 117 117 117 117 117 117 117 117 117 117 117 117 117 117 117 117 117 117 117 117
  CH3(PC2): base=116 noise=0 thr=3 | 116 116 116 116 116 116 116 116 116 116 116 116 116 116 116 116 116 116 116 116 116 116 116 116 116 116 116 116 116 116 116 116
  CH4(PC3): base=116 noise=32 thr=3 | 101 101 103 107 112 118 124 129 132 133 132 130 125 120 114 109 105 102 102 103 106 110 116 121 126 130 132 132 130 126 121 115
  CH5(PA3): base=116 noise=2 thr=3 | 116 117 117 116 116 117 117 117 117 117 117 117 117 117 117 117 117 117 117 117 117 117 117 117 117 117 117 117 117 117 117 117
  CH6(PA4): base=115 noise=2 thr=3 | 116 116 116 116 116 116 116 116 116 116 116 116 116 116 116 116 116 116 116 116 116 116 116 116 116 116 116 116 116 116 116 116
[#74] T=37s 3ms 0us | HT=9264 TC=9272 drop=0
  CH1(PC0): base=117 noise=0 thr=3 | 117 117 117 117 117 117 117 117 117 117 117 117 117 117 117 117 117 117 117 117 117 117 117 117 117 117 117 117 117 117 117 117
  CH2(PC1): base=117 noise=0 thr=3 | 117 117 117 117 117 117 117 117 117 117 117 117 117 117 117 117 117 117 117 117 117 117 117 117 117 117 117 117 117 117 117 117
  CH3(PC2): base=116 noise=0 thr=3 | 116 116 116 116 116 116 116 116 116 116 116 116 116 116 116 116 116 116 116 116 116 116 116 116 116 116 116 116 116 116 116 116
  CH4(PC3): base=117 noise=0 thr=3 | 117 117 117 117 117 117 117 117 117 117 117 117 117 117 117 117 117 117 117 117 117 117 117 117 117 117 117 117 117 117 117 117
  CH5(PA3): base=116 noise=1 thr=3 | 117 117 117 117 117 117 117 117 117 117 117 117 117 117 117 117 117 117 116 116 117 117 117 117 117 117 116 116 117 117 117 117
  CH6(PA4): base=116 noise=0 thr=3 | 116 116 116 116 116 116 116 116 116 116 116 116 116 116 116 116 116 116 116 116 116 116 116 116 116 116 116 116 116 116 116 116
[#75] T=37s 503ms 0us | HT=9391 TC=9399 drop=0
  CH1(PC0): base=117 noise=0 thr=3 | 117 117 117 117 117 117 117 117 117 117 117 117 117 117 117 117 117 117 117 117 117 117 117 117 117 117 117 117 117 117 117 117
  CH2(PC1): base=117 noise=0 thr=3 | 117 117 117 117 117 117 117 117 117 117 117 117 117 117 117 117 117 117 117 117 117 117 117 117 117 117 117 117 117 117 117 117
  CH3(PC2): base=116 noise=0 thr=3 | 116 116 116 116 116 116 116 116 116 116 116 116 116 116 116 116 116 116 116 116 116 116 116 116 116 116 116 116 116 116 116 116
  CH4(PC3): base=117 noise=0 thr=3 | 117 117 117 117 117 117 117 117 117 117 117 117 117 117 117 117 117 117 117 117 117 117 117 117 117 117 117 117 117 117 117 117
  CH5(PA3): base=116 noise=1 thr=3 | 117 116 116 116 116 116 117 117 117 117 117 117 117 117 117 117 117 116 116 116 117 117 117 117 117 117 117 117 117 117 117 117
  CH6(PA4): base=116 noise=0 thr=3 | 116 116 116 116 116 116 116 116 116 116 116 116 116 116 116 116 116 116 116 116 116 116 116 116 116 116 116 116 116 116 116 116
[#76] T=38s 3ms 0us | HT=9518 TC=9527 drop=0
  CH1(PC0): base=116 noise=2 thr=3 | 117 117 117 117 117 117 117 117 117 117 117 117 117 117 117 117 117 117 117 117 117 117 117 117 117 117 117 117 117 117 115 117
  CH2(PC1): base=117 noise=0 thr=3 | 117 117 117 117 117 117 117 117 117 117 117 117 117 117 117 117 117 117 117 117 117 117 117 117 117 117 117 117 117 117 117 117
  CH3(PC2): base=116 noise=0 thr=3 | 116 116 116 116 116 116 116 116 116 116 116 116 116 116 116 116 116 116 116 116 116 116 116 116 116 116 116 116 116 116 116 116
  CH4(PC3): base=117 noise=30 thr=3 | 104 107 111 116 121 126 130 132 132 130 126 121 116 111 106 103 102 102 105 108 113 119 124 129 131 132 131 128 124 118 113 108
  CH5(PA3): base=116 noise=1 thr=3 | 117 117 117 117 117 117 116 117 117 117 117 117 117 117 117 117 117 117 117 117 117 117 117 117 117 117 117 117 117 117 117 117
  CH6(PA4): base=116 noise=1 thr=3 | 116 116 116 116 116 116 116 116 116 116 116 116 116 116 116 116 116 116 116 116 116 116 116 116 116 116 116 116 116 116 116 116
[#77] T=38s 503ms 0us | HT=9645 TC=9654 drop=0
  CH1(PC0): base=117 noise=0 thr=3 | 117 117 117 117 117 117 117 117 117 117 117 117 117 117 117 117 117 117 117 117 117 117 117 117 117 117 117 117 117 117 117 117
  CH2(PC1): base=117 noise=0 thr=3 | 117 117 117 117 117 117 117 117 117 117 117 117 117 117 117 117 117 117 117 117 117 117 117 117 117 117 117 117 117 117 117 117
  CH3(PC2): base=116 noise=0 thr=3 | 116 116 116 116 116 116 116 116 116 116 116 116 116 116 116 116 116 116 116 116 116 116 116 116 116 116 116 116 116 116 116 116
  CH4(PC3): base=117 noise=0 thr=3 | 117 117 117 117 117 117 117 117 117 117 117 117 117 117 117 117 117 117 117 117 117 117 117 117 117 117 117 117 117 117 117 117
  CH5(PA3): base=117 noise=0 thr=3 | 117 117 117 117 117 117 117 117 117 117 117 117 117 117 117 117 117 117 117 117 117 117 117 117 117 117 117 117 117 117 117 117
  CH6(PA4): base=116 noise=0 thr=3 | 116 116 116 116 116 116 116 116 116 116 116 116 116 116 116 116 116 116 116 116 116 116 116 116 116 116 116 116 116 116 116 116
[#78] T=39s 3ms 0us | HT=9772 TC=9781 drop=0
  CH1(PC0): base=117 noise=0 thr=3 | 117 117 117 117 117 117 117 117 117 117 117 117 117 117 117 117 117 117 117 117 117 117 117 117 117 117 117 117 117 117 117 117
  CH2(PC1): base=117 noise=0 thr=3 | 117 117 117 117 117 117 117 117 117 117 117 117 117 117 117 117 117 117 117 117 117 117 117 117 117 117 117 117 117 117 117 117
  CH3(PC2): base=116 noise=0 thr=3 | 116 116 116 116 116 116 116 116 116 116 116 116 116 116 116 116 116 116 116 116 116 116 116 116 116 116 116 116 116 116 116 116
  CH4(PC3): base=117 noise=0 thr=3 | 117 117 117 117 117 117 117 117 117 117 117 117 117 117 117 117 117 117 117 117 117 117 117 117 117 117 117 117 117 117 117 117
  CH5(PA3): base=117 noise=0 thr=3 | 117 117 117 117 117 117 117 117 117 117 117 117 117 117 117 117 117 117 117 117 117 117 117 117 117 117 117 117 117 117 117 117
  CH6(PA4): base=116 noise=0 thr=3 | 116 116 116 116 116 116 116 116 116 116 116 116 116 116 116 116 116 116 116 116 116 116 116 116 116 116 116 116 116 116 116 116
[#79] T=39s 503ms 0us | HT=9899 TC=9908 drop=0
  CH1(PC0): base=116 noise=1 thr=3 | 117 117 117 117 117 117 117 117 117 117 116 117 117 117 117 117 117 117 117 117 117 117 117 117 117 117 117 117 117 117 117 117
  CH2(PC1): base=116 noise=2 thr=3 | 117 117 117 117 117 117 117 117 117 117 117 117 118 117 117 117 117 117 117 117 117 117 117 117 117 117 117 117 117 117 117 116
  CH3(PC2): base=115 noise=1 thr=3 | 116 116 116 116 116 116 116 116 116 116 116 116 116 116 116 116 116 116 116 116 116 116 116 116 116 116 116 116 116 116 116 116
  CH4(PC3): base=117 noise=1 thr=3 | 117 117 117 117 117 117 117 117 117 117 117 117 117 117 117 117 117 117 117 117 117 117 117 117 117 117 117 117 117 117 117 117
  CH5(PA3): base=117 noise=0 thr=3 | 117 117 117 117 117 117 117 117 117 117 117 117 117 117 117 117 117 117 117 117 117 117 117 117 117 117 117 117 117 117 117 117
  CH6(PA4): base=116 noise=1 thr=3 | 116 116 116 116 116 116 116 116 116 116 116 116 116 116 116 116 116 116 116 116 116 116 116 116 116 116 117 116 116 116 116 116
[BENCH] 1024pt freq=40000.0 Hz | Full=383.82 us | CFFT=455.62 us (218702 cyc) | RFFT=236.97 us (113746 cyc) | CPU=480MHz rfft_init=1
[#80] T=40s 3ms 0us | HT=10027 TC=10035 drop=0
  CH1(PC0): base=117 noise=0 thr=3 | 117 117 117 117 117 117 117 117 117 117 117 117 117 117 117 117 117 117 117 117 117 117 117 117 117 117 117 117 117 117 117 117
  CH2(PC1): base=117 noise=0 thr=3 | 117 117 117 117 117 117 117 117 117 117 117 117 117 117 117 117 117 117 117 117 117 117 117 117 117 117 117 117 117 117 117 117
  CH3(PC2): base=116 noise=0 thr=3 | 116 116 116 116 116 116 116 116 116 116 116 116 116 116 116 116 116 116 116 116 116 116 116 116 116 116 116 116 116 116 116 116
  CH4(PC3): base=117 noise=0 thr=3 | 117 117 117 117 117 117 117 117 117 117 117 117 117 117 117 117 117 117 117 117 117 117 117 117 117 117 117 117 117 117 117 117
  CH5(PA3): base=117 noise=0 thr=3 | 116 116 116 116 117 117 117 117 117 117 117 117 117 117 117 117 116 117 117 117 117 117 117 117 116 116 117 117 117 117 117 117
  CH6(PA4): base=116 noise=0 thr=3 | 116 116 116 116 116 116 116 116 116 116 116 116 116 116 116 116 116 116 116 116 116 116 116 116 116 116 116 116 116 116 116 116
[#81] T=40s 503ms 0us | HT=10154 TC=10162 drop=0
  CH1(PC0): base=117 noise=0 thr=3 | 117 117 117 117 117 117 117 117 117 117 117 117 117 117 117 117 117 117 117 117 117 117 117 117 117 117 117 117 117 117 117 117
  CH2(PC1): base=117 noise=0 thr=3 | 117 117 117 117 117 117 117 117 117 117 117 117 117 117 117 117 117 117 117 117 117 117 117 117 117 117 117 117 117 117 117 117
  CH3(PC2): base=116 noise=0 thr=3 | 116 116 116 116 116 116 116 116 116 116 116 116 116 116 116 116 116 116 116 116 116 116 116 116 116 116 116 116 116 116 116 116
  CH4(PC3): base=117 noise=0 thr=3 | 117 117 117 117 117 117 117 117 117 117 117 117 117 117 117 117 117 117 117 117 117 117 117 117 117 117 117 117 117 117 117 117
  CH5(PA3): base=116 noise=1 thr=3 | 117 117 117 117 117 117 117 117 117 117 117 117 117 117 117 116 117 117 117 117 117 117 117 117 117 117 117 117 117 117 117 116
  CH6(PA4): base=116 noise=0 thr=3 | 116 116 116 116 116 116 116 116 116 116 116 116 116 116 116 116 116 116 116 116 116 116 116 116 116 116 116 116 116 116 116 116
[#82] T=41s 3ms 0us | HT=10281 TC=10289 drop=0
  CH1(PC0): base=116 noise=2 thr=3 | 117 117 117 117 117 117 117 117 117 117 117 117 117 117 117 117 117 117 115 117 117 117 117 117 116 116 118 117 117 117 117 117
  CH2(PC1): base=116 noise=2 thr=3 | 118 117 117 117 117 117 117 116 116 117 117 117 117 117 116 117 116 117 117 117 117 117 117 117 116 117 117 117 117 117 117 116
  CH3(PC2): base=115 noise=2 thr=3 | 116 116 116 116 116 116 116 116 116 116 116 116 116 116 116 116 116 116 116 116 116 116 116 116 116 116 116 116 116 116 116 116
  CH4(PC3): base=116 noise=3 thr=3 | 117 117 117 117 116 116 116 116 116 116 116 116 116 116 116 116 116 117 117 117 117 118 118 118 118 118 118 118 118 116 117 117
  CH5(PA3): base=116 noise=3 thr=3 | 117 117 117 115 117 117 117 117 116 117 117 117 117 117 117 116 116 117 117 117 117 117 117 116 117 117 117 117 117 117 117 117
  CH6(PA4): base=116 noise=3 thr=3 | 116 116 116 116 116 116 116 116 116 116 116 116 116 116 116 116 116 116 116 116 116 116 116 116 116 116 116 116 116 116 116 116
[#83] T=41s 503ms 0us | HT=10408 TC=10417 drop=0
  CH1(PC0): base=117 noise=0 thr=3 | 117 117 117 117 117 117 117 117 117 117 117 117 117 117 117 117 117 117 117 117 117 117 117 117 117 117 117 117 117 117 117 117
  CH2(PC1): base=117 noise=0 thr=3 | 117 117 117 117 117 117 117 117 117 117 117 117 117 117 117 117 117 117 117 117 117 117 117 117 117 117 117 117 117 117 117 117
  CH3(PC2): base=116 noise=0 thr=3 | 116 116 116 116 116 116 116 116 116 116 116 116 116 116 116 116 116 116 116 116 116 116 116 116 116 116 116 116 116 116 116 116
  CH4(PC3): base=117 noise=0 thr=3 | 117 117 117 117 117 117 117 117 117 117 117 117 117 117 117 117 117 117 117 117 117 117 117 117 117 117 117 117 117 117 117 117
  CH5(PA3): base=117 noise=0 thr=3 | 117 117 117 117 117 117 117 117 117 117 117 117 117 117 117 117 117 117 117 117 117 117 117 117 117 117 117 117 117 117 117 117
  CH6(PA4): base=116 noise=0 thr=3 | 116 116 116 116 116 116 116 116 116 116 116 116 116 116 116 116 116 116 116 116 116 116 116 116 116 116 116 116 116 116 116 116
[#84] T=42s 3ms 0us | HT=10535 TC=10544 drop=0
  CH1(PC0): base=117 noise=0 thr=3 | 117 117 117 117 117 117 117 117 117 117 117 117 117 117 117 117 117 117 117 117 117 117 117 117 117 117 117 117 117 117 117 117
  CH2(PC1): base=117 noise=0 thr=3 | 117 117 117 117 117 117 117 117 117 117 117 117 117 117 117 117 117 117 117 117 117 117 117 117 117 117 117 117 117 117 117 117
  CH3(PC2): base=116 noise=0 thr=3 | 116 116 116 116 116 116 116 116 116 116 116 116 116 116 116 116 116 116 116 116 116 116 116 116 116 116 116 116 116 116 116 116
  CH4(PC3): base=117 noise=0 thr=3 | 117 117 117 117 117 117 117 117 117 117 117 117 117 117 117 117 117 117 117 117 117 117 117 117 117 117 117 117 117 117 117 117
  CH5(PA3): base=117 noise=0 thr=3 | 117 117 117 117 117 117 117 117 117 117 117 117 117 117 117 117 117 117 117 117 117 117 117 117 117 117 117 117 117 117 117 117
  CH6(PA4): base=116 noise=0 thr=3 | 116 116 116 116 116 116 116 116 116 116 116 116 116 116 116 116 116 116 116 116 116 116 116 116 116 116 116 116 116 116 116 116
[#85] T=42s 503ms 0us | HT=10662 TC=10671 drop=0
  CH1(PC0): base=116 noise=2 thr=3 | 117 117 116 117 117 117 117 117 117 116 117 117 117 117 117 117 117 117 117 117 117 117 117 117 117 117 117 117 117 117 117 117
  CH2(PC1): base=116 noise=2 thr=3 | 117 117 117 117 117 117 117 117 117 117 117 117 117 117 117 117 117 117 117 117 115 117 117 117 117 117 117 117 117 117 117 117
  CH3(PC2): base=115 noise=1 thr=3 | 116 116 116 116 116 116 116 116 116 116 116 116 116 116 116 116 116 116 116 116 116 116 116 116 115 116 116 116 116 116 116 116
  CH4(PC3): base=117 noise=3 thr=3 | 117 117 117 117 117 117 117 117 117 117 117 117 117 117 117 117 117 117 117 117 117 117 117 117 117 117 117 117 117 117 117 117
  CH5(PA3): base=116 noise=3 thr=3 | 117 117 117 117 117 117 117 117 117 117 117 117 117 117 117 116 118 117 117 117 117 117 117 116 117 117 117 117 117 117 116 117
  CH6(PA4): base=116 noise=3 thr=3 | 116 116 116 116 116 116 116 116 116 116 116 116 116 116 116 116 116 116 117 116 118 116 116 116 116 116 116 116 116 116 116 116
[#86] T=43s 3ms 0us | HT=10790 TC=10798 drop=0
  CH1(PC0): base=117 noise=0 thr=3 | 117 117 117 117 117 117 117 117 117 117 117 117 117 117 117 117 117 117 117 117 117 117 117 117 117 117 117 117 117 117 117 117
  CH2(PC1): base=117 noise=0 thr=3 | 117 117 117 117 117 117 117 117 117 117 117 117 117 117 117 117 117 117 117 117 117 117 117 117 117 117 117 117 117 117 117 117
  CH3(PC2): base=116 noise=0 thr=3 | 116 116 116 116 116 116 116 116 116 116 116 116 116 116 116 116 116 116 116 116 116 116 116 116 116 116 116 116 116 116 116 116
  CH4(PC3): base=117 noise=0 thr=3 | 117 117 117 117 117 117 117 117 117 117 117 117 117 117 117 117 117 117 117 117 117 117 117 117 117 117 117 117 117 117 117 117
  CH5(PA3): base=116 noise=1 thr=3 | 117 117 117 117 117 117 117 117 117 117 117 117 117 117 117 117 117 117 117 117 117 117 117 117 117 117 117 117 117 117 117 116
  CH6(PA4): base=116 noise=0 thr=3 | 116 116 116 116 116 116 116 116 116 116 116 116 116 116 116 116 116 116 116 116 116 116 116 116 116 116 116 116 116 116 116 116
[#87] T=43s 503ms 0us | HT=10917 TC=10925 drop=0
  CH1(PC0): base=117 noise=0 thr=3 | 117 117 117 117 117 117 117 117 117 117 117 117 117 117 117 117 117 117 117 117 117 117 117 117 117 117 117 117 117 117 117 117
  CH2(PC1): base=117 noise=0 thr=3 | 117 117 117 117 117 117 117 117 117 117 117 117 117 117 117 117 117 117 117 117 117 117 117 117 117 117 117 117 117 117 117 117
  CH3(PC2): base=116 noise=0 thr=3 | 116 116 116 116 116 116 116 116 116 116 116 116 116 116 116 116 116 116 116 116 116 116 116 116 116 116 116 116 116 116 116 116
  CH4(PC3): base=117 noise=0 thr=3 | 117 117 117 117 117 117 117 117 117 117 117 117 117 117 117 117 117 117 117 117 117 117 117 117 117 117 117 117 117 117 117 117
  CH5(PA3): base=116 noise=1 thr=3 | 116 116 117 117 117 117 117 117 117 117 117 117 117 117 117 117 117 116 117 117 117 117 117 117 117 116 117 117 117 117 117 117
  CH6(PA4): base=115 noise=1 thr=3 | 116 116 116 116 116 116 116 116 116 116 116 116 116 116 116 116 116 116 116 116 116 116 116 116 116 116 116 116 116 116 116 116
[#88] T=44s 3ms 0us | HT=11044 TC=11052 drop=0
  CH1(PC0): base=117 noise=0 thr=3 | 117 117 117 117 117 117 117 117 117 117 117 117 117 117 117 117 117 117 117 117 117 117 117 117 117 117 117 117 117 117 117 117
  CH2(PC1): base=117 noise=0 thr=3 | 117 117 117 117 117 117 117 117 117 117 117 117 117 117 117 117 117 117 117 117 117 116 117 117 117 117 117 117 117 117 116 116
  CH3(PC2): base=116 noise=0 thr=3 | 116 116 116 116 116 116 116 116 116 116 116 116 116 116 116 116 116 116 116 116 116 116 116 116 116 116 116 116 116 116 116 116
  CH4(PC3): base=117 noise=0 thr=3 | 117 117 117 117 117 117 117 117 117 117 117 117 117 117 117 117 117 117 117 117 117 117 117 117 117 117 117 117 117 117 117 117
  CH5(PA3): base=116 noise=1 thr=3 | 117 117 117 117 117 117 116 116 116 117 117 117 117 117 117 117 117 117 117 117 117 117 116 116 117 117 117 117 117 117 116 116
  CH6(PA4): base=116 noise=0 thr=3 | 116 116 116 116 116 116 116 116 116 116 116 116 116 116 116 116 116 116 116 116 116 116 116 116 116 116 116 116 116 116 116 116
[#89] T=44s 503ms 0us | HT=11171 TC=11180 drop=0
  CH1(PC0): base=117 noise=0 thr=3 | 117 117 117 117 117 117 117 117 117 117 117 117 117 117 117 117 117 117 117 117 117 117 117 117 117 117 117 117 117 117 117 117
  CH2(PC1): base=117 noise=0 thr=3 | 117 117 117 117 117 117 117 117 117 117 117 117 117 117 117 117 117 117 117 117 117 117 117 117 117 117 117 117 117 117 117 117
  CH3(PC2): base=116 noise=0 thr=3 | 116 116 116 116 116 116 116 116 116 116 116 116 116 116 116 116 116 116 116 116 116 116 116 116 116 116 116 116 116 116 116 116
  CH4(PC3): base=117 noise=0 thr=3 | 117 117 117 117 117 117 117 117 117 117 117 117 117 117 117 117 117 117 117 117 117 117 117 117 117 117 117 117 117 117 117 117
  CH5(PA3): base=117 noise=0 thr=3 | 117 117 117 117 117 117 117 117 117 117 117 117 117 117 117 117 117 117 117 117 117 117 117 117 117 117 117 117 117 117 117 117
  CH6(PA4): base=116 noise=0 thr=3 | 116 116 116 116 116 116 116 116 116 116 116 116 116 116 116 116 116 116 116 116 116 116 116 116 116 116 116 116 116 116 116 116
[BENCH] 1024pt freq=40000.0 Hz | Full=382.23 us | CFFT=455.36 us (218576 cyc) | RFFT=236.85 us (113688 cyc) | CPU=480MHz rfft_init=1
[#90] T=45s 3ms 0us | HT=11298 TC=11307 drop=0
  CH1(PC0): base=117 noise=0 thr=3 | 117 117 117 117 117 117 117 117 117 117 117 117 117 117 117 117 117 117 117 117 117 117 117 117 117 117 117 117 117 117 117 117
  CH2(PC1): base=117 noise=0 thr=3 | 117 117 117 117 117 117 117 117 117 117 117 117 117 117 117 117 117 117 117 117 117 117 117 117 117 117 117 117 117 117 117 117
  CH3(PC2): base=116 noise=0 thr=3 | 116 116 116 116 116 116 116 116 116 116 116 116 116 116 116 116 116 116 116 116 116 116 116 116 116 116 116 116 116 116 116 116
  CH4(PC3): base=117 noise=0 thr=3 | 117 117 117 117 117 117 117 117 117 117 117 117 117 117 117 117 117 117 117 117 117 117 117 117 117 117 117 117 117 117 117 117
  CH5(PA3): base=117 noise=0 thr=3 | 117 117 117 117 117 117 117 117 117 117 117 117 117 117 117 117 117 117 117 117 117 117 117 117 117 117 117 117 117 117 117 117
  CH6(PA4): base=116 noise=0 thr=3 | 116 116 116 116 116 116 116 116 116 116 116 116 116 116 116 116 116 116 116 116 116 116 116 116 116 116 116 116 116 116 116 116
[#91] T=45s 503ms 0us | HT=11425 TC=11434 drop=0
  CH1(PC0): base=116 noise=1 thr=3 | 117 117 117 117 117 117 117 117 117 117 117 117 117 117 117 117 117 117 117 117 117 117 117 117 117 117 117 117 117 117 117 117
  CH2(PC1): base=116 noise=1 thr=3 | 117 117 117 117 117 117 117 117 117 117 117 117 117 117 117 117 117 117 117 117 117 117 117 117 117 117 117 117 117 117 117 117
  CH3(PC2): base=115 noise=1 thr=3 | 116 116 116 116 116 116 116 116 116 116 116 116 116 116 116 116 116 116 116 116 116 115 116 116 116 116 116 116 116 116 116 116
  CH4(PC3): base=117 noise=32 thr=3 | 128 131 132 131 129 124 119 113 108 105 102 102 103 107 111 117 122 127 131 133 132 130 126 121 115 110 106 102 101 102 104 109
  CH5(PA3): base=116 noise=1 thr=3 | 117 117 117 117 117 117 117 117 117 117 117 117 117 116 117 117 117 117 117 117 117 117 117 117 117 117 117 117 117 117 116 116
  CH6(PA4): base=116 noise=0 thr=3 | 116 116 116 116 116 116 116 116 116 116 116 116 116 116 116 116 116 116 116 116 116 116 116 116 116 116 116 116 116 116 116 116
[#92] T=46s 3ms 0us | HT=11553 TC=11561 drop=0
  CH1(PC0): base=117 noise=0 thr=3 | 117 117 117 117 117 117 117 117 117 117 117 117 117 117 117 117 117 117 117 117 117 117 117 117 117 117 117 117 117 117 117 117
  CH2(PC1): base=117 noise=0 thr=3 | 117 117 117 117 117 117 117 117 117 117 117 117 117 117 117 117 117 117 117 117 117 117 117 117 117 117 117 117 117 117 117 117
  CH3(PC2): base=116 noise=0 thr=3 | 116 116 116 116 116 116 116 116 116 116 116 116 116 116 116 116 116 116 116 116 116 116 116 116 116 116 116 116 116 116 116 116
  CH4(PC3): base=117 noise=0 thr=3 | 117 117 117 117 117 117 117 117 117 117 117 117 117 117 117 117 117 117 117 117 117 117 117 117 117 117 117 117 117 117 117 117
  CH5(PA3): base=116 noise=1 thr=3 | 117 117 117 117 117 117 117 117 117 117 117 117 117 117 117 117 117 117 116 117 117 117 117 117 117 117 117 117 117 117 117 117
  CH6(PA4): base=115 noise=1 thr=3 | 116 116 116 116 116 116 116 116 116 116 116 116 116 116 116 116 116 116 116 116 116 116 116 116 116 116 116 116 116 116 116 116
[#93] T=46s 503ms 0us | HT=11680 TC=11688 drop=0
  CH1(PC0): base=117 noise=0 thr=3 | 117 117 117 117 117 117 117 117 117 117 117 117 117 117 117 117 117 117 117 117 117 117 117 117 117 117 117 117 117 117 117 117
  CH2(PC1): base=117 noise=0 thr=3 | 117 117 117 117 117 117 117 117 117 117 117 117 117 117 117 117 117 117 117 117 117 117 117 117 117 117 117 117 117 117 117 117
  CH3(PC2): base=116 noise=0 thr=3 | 116 116 116 116 116 116 116 116 116 116 116 116 116 116 116 116 116 116 116 116 116 116 116 116 116 116 116 116 116 116 116 116
  CH4(PC3): base=117 noise=0 thr=3 | 117 117 117 117 117 117 117 117 117 117 117 117 117 117 117 117 117 117 117 117 117 117 117 117 117 117 117 117 117 117 117 117
  CH5(PA3): base=117 noise=0 thr=3 | 117 117 117 117 117 117 117 117 117 117 117 117 117 117 117 117 117 117 117 117 117 117 117 117 117 117 117 117 117 117 117 117
  CH6(PA4): base=116 noise=0 thr=3 | 116 116 116 116 116 116 116 116 116 116 116 116 116 116 116 116 116 116 116 116 116 116 116 116 116 116 116 116 116 116 116 116
[#94] T=47s 3ms 0us | HT=11807 TC=11815 drop=0
  CH1(PC0): base=116 noise=3 thr=3 | 117 117 117 117 117 117 118 117 117 117 117 117 117 117 117 117 117 117 117 117 116 117 117 117 117 117 117 117 117 117 117 117
  CH2(PC1): base=117 noise=0 thr=3 | 117 117 117 117 117 117 117 117 117 117 117 117 117 117 117 117 117 117 117 117 117 117 117 117 117 117 117 117 117 117 117 117
  CH3(PC2): base=116 noise=0 thr=3 | 116 116 116 116 116 116 116 116 116 116 116 116 116 116 116 116 116 116 116 116 116 116 116 116 116 116 116 116 116 116 116 116
  CH4(PC3): base=117 noise=30 thr=3 | 123 127 130 132 132 129 125 120 114 109 105 103 102 103 106 110 115 120 125 129 131 132 130 126 122 116 111 107 104 103 103 105
  CH5(PA3): base=116 noise=2 thr=3 | 116 116 117 117 117 117 117 117 117 117 117 117 117 117 116 117 116 116 116 117 117 117 117 117 117 117 117 117 117 117 117 116
  CH6(PA4): base=116 noise=0 thr=3 | 116 116 116 116 116 116 116 116 116 116 116 116 116 116 116 116 116 116 116 116 116 116 116 116 116 116 116 116 116 116 116 116
[#95] T=47s 503ms 0us | HT=11934 TC=11942 drop=0
  CH1(PC0): base=117 noise=0 thr=3 | 117 117 117 117 117 117 117 117 117 117 117 117 117 117 117 117 117 117 117 117 117 117 117 117 117 117 117 117 117 117 117 117
  CH2(PC1): base=117 noise=0 thr=3 | 117 117 117 117 117 117 117 117 117 117 117 117 117 117 117 117 117 117 117 117 117 117 117 117 117 117 117 117 117 117 117 117
  CH3(PC2): base=116 noise=0 thr=3 | 116 116 116 116 116 116 116 116 116 116 116 116 116 116 116 116 116 116 116 116 116 116 116 116 116 116 116 116 116 116 116 116
  CH4(PC3): base=117 noise=0 thr=3 | 117 117 117 117 117 117 117 117 117 117 117 117 117 117 117 117 117 117 117 117 117 117 117 117 117 117 117 117 117 117 117 117
  CH5(PA3): base=116 noise=1 thr=3 | 117 117 117 117 117 117 117 117 117 117 117 117 117 117 117 117 117 117 117 117 117 117 117 117 117 117 117 117 117 117 117 117
  CH6(PA4): base=116 noise=0 thr=3 | 116 116 116 116 116 116 116 116 116 116 116 116 116 116 116 116 116 116 116 116 116 116 116 116 116 116 116 116 116 116 116 116
[#96] T=48s 3ms 0us | HT=12061 TC=12070 drop=0
  CH1(PC0): base=117 noise=0 thr=3 | 117 117 117 117 117 117 117 117 117 117 117 117 117 117 117 117 117 117 117 117 117 117 117 117 117 117 117 117 117 117 117 117
  CH2(PC1): base=117 noise=0 thr=3 | 117 117 117 117 117 117 117 117 117 117 117 117 117 117 117 117 117 117 117 117 117 117 117 117 117 117 117 117 117 117 117 117
  CH3(PC2): base=116 noise=0 thr=3 | 116 116 116 116 116 116 116 116 116 116 116 116 116 116 116 116 116 116 116 116 116 116 116 116 116 116 116 116 116 116 116 116
  CH4(PC3): base=117 noise=0 thr=3 | 117 117 117 117 117 117 117 117 117 117 117 117 117 117 117 117 117 117 117 117 117 117 117 117 117 117 117 117 117 117 117 117
  CH5(PA3): base=117 noise=0 thr=3 | 117 117 117 117 117 117 117 117 117 117 117 117 117 117 117 117 117 117 117 117 117 117 117 117 117 117 117 117 117 117 117 117
  CH6(PA4): base=115 noise=1 thr=3 | 116 116 116 116 116 116 116 116 116 116 116 116 116 116 116 116 116 116 116 116 116 116 116 116 116 116 116 116 116 116 116 116
[#97] T=48s 503ms 0us | HT=12188 TC=12197 drop=0
  CH1(PC0): base=116 noise=1 thr=3 | 117 117 117 117 117 117 117 117 117 117 117 117 117 117 117 117 117 117 117 117 117 117 117 117 117 117 117 117 117 117 117 117
  CH2(PC1): base=116 noise=1 thr=3 | 117 117 117 117 117 117 117 117 117 117 117 117 117 117 117 117 117 117 117 117 117 117 117 117 116 117 117 117 117 117 117 117
  CH3(PC2): base=116 noise=1 thr=3 | 116 116 116 116 116 116 116 116 116 116 116 116 116 116 116 116 116 116 116 116 116 116 116 116 116 116 116 116 116 116 116 116
  CH4(PC3): base=116 noise=1 thr=3 | 117 117 117 117 117 117 117 117 117 117 116 117 117 117 117 117 117 117 117 117 117 117 117 117 117 117 117 117 117 117 117 117
  CH5(PA3): base=117 noise=0 thr=3 | 117 117 117 117 117 117 117 117 117 117 117 117 117 117 117 117 117 117 117 117 117 117 117 117 117 117 117 117 117 117 117 117
  CH6(PA4): base=116 noise=1 thr=3 | 116 116 116 116 116 116 116 116 116 116 116 116 116 116 116 116 116 116 116 116 116 116 116 116 116 116 116 116 116 116 116 116
[#98] T=49s 3ms 0us | HT=12315 TC=12324 drop=0
  CH1(PC0): base=117 noise=0 thr=3 | 117 117 117 117 117 117 117 117 117 117 117 117 117 117 117 117 117 117 117 117 117 117 117 117 117 117 117 117 117 117 117 117
  CH2(PC1): base=117 noise=0 thr=3 | 117 117 117 117 117 117 117 117 117 117 117 117 117 117 117 117 117 117 117 117 117 117 117 117 117 117 117 117 117 117 117 117
  CH3(PC2): base=116 noise=0 thr=3 | 116 116 116 116 116 116 116 116 116 116 116 116 116 116 116 116 116 116 116 116 116 116 116 116 116 116 116 116 116 116 116 116
  CH4(PC3): base=117 noise=0 thr=3 | 117 117 117 117 117 117 117 117 117 117 117 117 117 117 117 117 117 117 117 117 117 117 117 117 117 117 117 117 117 117 117 117
  CH5(PA3): base=117 noise=0 thr=3 | 117 117 117 117 117 117 117 117 117 117 117 117 117 117 117 117 117 117 117 117 117 117 117 117 117 117 117 117 117 117 117 117
  CH6(PA4): base=115 noise=1 thr=3 | 116 116 116 116 116 116 116 116 116 116 116 116 116 116 116 116 116 116 116 116 116 116 116 116 116 116 116 116 116 116 116 116
[#99] T=49s 503ms 0us | HT=12443 TC=12451 drop=0
  CH1(PC0): base=117 noise=0 thr=3 | 117 117 117 117 117 117 117 117 117 117 117 117 117 117 117 117 117 117 117 117 117 117 117 117 117 117 117 117 117 117 117 117
  CH2(PC1): base=117 noise=0 thr=3 | 117 117 117 117 117 117 117 117 117 117 117 117 117 117 117 117 117 117 117 117 117 117 117 117 117 117 117 117 117 117 117 117
  CH3(PC2): base=116 noise=0 thr=3 | 116 116 116 116 116 116 116 116 116 116 116 116 116 116 116 116 116 116 116 116 116 116 116 116 116 116 116 116 116 116 116 116
  CH4(PC3): base=117 noise=0 thr=3 | 117 117 117 117 117 117 117 117 117 117 117 117 117 117 117 117 117 117 117 117 117 117 117 117 117 117 117 117 117 117 117 117
  CH5(PA3): base=116 noise=1 thr=3 | 117 117 116 117 117 117 117 117 117 117 117 117 117 117 117 117 117 117 117 117 117 117 117 117 117 117 117 117 117 117 117 117
  CH6(PA4): base=116 noise=0 thr=3 | 116 116 116 116 116 116 116 116 116 116 116 116 116 116 116 116 116 116 116 116 116 116 116 116 116 116 116 116 116 116 116 116
[BENCH] 1024pt freq=40000.0 Hz | Full=384.75 us | CFFT=459.23 us (220432 cyc) | RFFT=238.17 us (114326 cyc) | CPU=480MHz rfft_init=1
[#100] T=50s 3ms 0us | HT=12570 TC=12578 drop=0
  CH1(PC0): base=117 noise=3 thr=3 | 117 117 117 117 117 117 117 117 119 117 117 117 117 117 117 116 117 117 117 117 117 117 116 117 117 117 117 117 117 117 117 117
  CH2(PC1): base=117 noise=0 thr=3 | 117 117 117 117 117 117 117 117 117 117 117 117 117 117 117 117 117 117 117 117 117 117 117 117 117 117 117 117 117 117 117 117
  CH3(PC2): base=115 noise=1 thr=3 | 116 116 116 116 116 116 116 116 116 116 116 116 116 116 116 116 116 116 116 116 116 116 116 116 116 116 116 116 116 116 116 116
  CH4(PC3): base=116 noise=3 thr=3 | 117 117 117 117 117 117 118 118 118 118 118 117 117 117 117 117 117 117 117 117 116 116 116 116 116 116 115 116 116 116 116 117
  CH5(PA3): base=116 noise=1 thr=3 | 117 116 116 116 116 117 117 116 117 117 117 117 116 117 117 117 117 117 117 117 117 117 116 117 117 117 117 117 117 116 117 117
  CH6(PA4): base=115 noise=1 thr=3 | 116 116 116 116 116 116 116 116 116 116 116 116 116 116 116 116 116 116 116 116 116 116 116 116 116 116 116 116 116 116 116 116
[#101] T=50s 503ms 0us | HT=12697 TC=12705 drop=0
  CH1(PC0): base=116 noise=1 thr=3 | 117 117 117 117 117 117 117 117 117 117 117 117 117 117 117 117 117 117 117 117 117 117 117 117 117 117 117 117 117 117 117 117
  CH2(PC1): base=116 noise=1 thr=3 | 117 117 117 117 117 117 117 117 117 117 117 117 117 117 117 116 117 117 117 117 117 117 117 116 117 117 117 117 117 117 117 116
  CH3(PC2): base=116 noise=0 thr=3 | 116 116 116 116 116 116 116 116 116 116 116 116 116 116 116 116 116 116 116 116 116 116 116 116 116 116 116 116 116 116 116 116
  CH4(PC3): base=117 noise=0 thr=3 | 117 117 117 117 117 117 117 117 117 117 117 117 117 117 117 117 117 117 117 117 117 117 117 117 117 117 117 117 117 117 117 117
  CH5(PA3): base=116 noise=1 thr=3 | 117 116 117 117 117 117 117 117 117 117 117 117 117 117 116 116 117 117 117 117 117 117 116 116 117 117 117 117 117 117 116 116
  CH6(PA4): base=115 noise=1 thr=3 | 116 116 116 116 116 116 116 116 116 116 116 116 116 116 116 116 116 116 116 116 116 116 116 116 116 116 116 116 116 116 116 116
[#102] T=51s 3ms 0us | HT=12824 TC=12833 drop=0
  CH1(PC0): base=117 noise=0 thr=3 | 117 117 117 117 117 117 117 117 117 117 117 117 117 117 117 117 117 117 117 117 117 117 117 117 117 117 117 117 117 117 117 117
  CH2(PC1): base=117 noise=0 thr=3 | 117 117 117 117 117 117 117 117 117 117 117 117 117 117 117 117 117 117 117 117 117 117 117 117 117 117 117 117 117 117 117 117
  CH3(PC2): base=116 noise=0 thr=3 | 116 116 116 116 116 116 116 116 116 116 116 116 116 116 116 116 116 116 116 116 116 116 116 116 116 116 116 116 116 116 116 116
  CH4(PC3): base=117 noise=0 thr=3 | 117 117 117 117 117 117 117 117 117 117 117 117 117 117 117 117 117 117 117 117 117 117 117 117 117 117 117 117 117 117 117 117
  CH5(PA3): base=117 noise=0 thr=3 | 117 117 117 117 117 117 117 117 117 117 117 117 117 117 117 117 117 117 117 117 117 117 117 117 117 117 117 117 117 117 117 117
  CH6(PA4): base=116 noise=0 thr=3 | 116 116 116 116 116 116 116 116 116 116 116 116 116 116 116 116 116 116 116 116 116 116 116 116 116 116 116 116 116 116 116 116
[#103] T=51s 503ms 0us | HT=12951 TC=12960 drop=0
  CH1(PC0): base=116 noise=2 thr=3 | 117 117 117 117 117 117 117 117 117 117 117 117 117 117 117 117 117 117 117 117 117 117 117 117 117 117 117 116 117 117 117 117
  CH2(PC1): base=116 noise=3 thr=3 | 117 115 117 117 117 117 117 117 116 117 117 117 117 117 117 117 117 117 117 117 117 117 117 117 117 117 117 117 117 117 117 116
  CH3(PC2): base=116 noise=3 thr=3 | 116 116 116 116 116 115 116 116 116 116 116 116 116 116 116 116 116 116 116 116 116 116 116 116 116 116 116 116 116 116 116 116
  CH4(PC3): base=116 noise=3 thr=3 | 117 117 117 117 117 117 117 117 117 117 117 117 117 117 117 117 117 117 117 117 117 117 117 117 117 117 117 117 117 117 116 117
  CH5(PA3): base=116 noise=4 thr=3 | 117 116 117 117 116 117 117 117 117 117 117 116 117 117 117 117 116 117 117 117 117 117 117 117 117 117 117 119 117 117 117 117
  CH6(PA4): base=116 noise=3 thr=3 | 116 118 116 116 116 116 116 116 116 116 116 116 116 116 116 116 116 116 116 116 116 116 116 116 116 116 116 116 116 116 116 116
[#104] T=52s 3ms 0us | HT=13078 TC=13087 drop=0
  CH1(PC0): base=117 noise=0 thr=3 | 117 117 117 117 117 117 117 117 117 117 117 117 117 117 117 117 117 117 117 117 117 117 117 117 117 117 117 117 117 117 117 117
  CH2(PC1): base=117 noise=0 thr=3 | 117 117 117 117 117 117 117 117 117 117 117 117 117 117 117 117 117 117 117 117 117 117 117 117 117 117 117 117 117 117 117 117
  CH3(PC2): base=116 noise=0 thr=3 | 116 116 116 116 116 116 116 116 116 116 116 116 116 116 116 116 116 116 116 116 116 116 116 116 116 116 116 116 116 116 116 116
  CH4(PC3): base=117 noise=0 thr=3 | 117 117 117 117 117 117 117 117 117 117 117 117 117 117 117 117 117 117 117 117 117 117 117 117 117 117 117 117 117 117 117 117
  CH5(PA3): base=116 noise=1 thr=3 | 117 117 117 117 117 117 117 117 117 117 117 117 117 117 117 117 117 117 117 117 117 117 117 117 117 117 117 117 117 117 117 117
  CH6(PA4): base=116 noise=0 thr=3 | 116 116 116 116 116 116 116 116 116 116 116 116 116 116 116 116 116 116 116 116 116 116 116 116 116 116 116 116 116 116 116 116
[#105] T=52s 503ms 0us | HT=13206 TC=13214 drop=0
  CH1(PC0): base=117 noise=0 thr=3 | 117 117 117 117 117 117 117 117 117 117 117 117 117 117 117 117 117 117 117 117 117 117 117 117 117 117 117 117 117 117 117 117
  CH2(PC1): base=117 noise=0 thr=3 | 117 117 117 117 117 117 117 117 117 117 117 117 117 117 117 117 117 117 117 117 117 117 117 117 117 117 117 117 117 117 117 117
  CH3(PC2): base=116 noise=0 thr=3 | 116 116 116 116 116 116 116 116 116 116 116 116 116 116 116 116 116 116 116 116 116 116 116 116 116 116 116 116 116 116 116 116
  CH4(PC3): base=117 noise=0 thr=3 | 117 117 117 117 117 117 117 117 117 117 117 117 117 117 117 117 117 117 117 117 117 117 117 117 117 117 117 117 117 117 117 117
  CH5(PA3): base=117 noise=0 thr=3 | 117 117 117 117 117 117 117 117 117 117 117 117 117 117 117 117 117 117 117 117 117 117 117 117 117 117 117 117 117 117 117 117
  CH6(PA4): base=116 noise=0 thr=3 | 116 116 116 116 116 116 116 116 116 116 116 116 116 116 116 116 116 116 116 116 116 116 116 116 116 116 116 116 116 116 116 116
[#106] T=53s 3ms 0us | HT=13333 TC=13341 drop=0
  CH1(PC0): base=117 noise=0 thr=3 | 117 117 117 117 117 117 117 117 117 117 117 117 117 117 117 117 117 117 117 117 117 117 117 117 117 117 117 117 117 117 117 117
  CH2(PC1): base=117 noise=0 thr=3 | 117 117 117 117 117 117 117 117 117 117 117 117 117 117 117 117 117 117 117 117 117 117 117 117 117 117 117 117 117 117 117 117
  CH3(PC2): base=116 noise=0 thr=3 | 116 116 116 116 116 116 116 116 116 116 116 116 116 116 116 116 116 116 116 116 116 116 116 116 116 116 116 116 116 116 116 116
  CH4(PC3): base=117 noise=0 thr=3 | 117 117 117 117 117 117 117 117 117 117 117 117 117 117 117 117 117 117 117 117 117 117 117 117 117 117 117 117 117 117 117 117
  CH5(PA3): base=117 noise=0 thr=3 | 117 117 117 117 117 117 117 117 117 117 117 117 117 117 117 117 117 117 117 116 116 117 117 117 117 117 117 116 117 117 117 117
  CH6(PA4): base=115 noise=1 thr=3 | 116 116 116 116 116 116 116 116 116 116 116 116 116 116 116 116 116 116 116 116 116 116 116 116 116 116 116 116 116 116 116 116
[#107] T=53s 503ms 0us | HT=13460 TC=13468 drop=0
  CH1(PC0): base=117 noise=0 thr=3 | 117 117 117 117 117 117 117 117 117 117 117 117 117 117 117 117 117 117 117 117 117 117 117 117 117 117 117 117 117 117 117 117
  CH2(PC1): base=117 noise=0 thr=3 | 117 117 117 117 117 117 117 117 117 117 117 117 117 117 117 117 117 117 117 117 117 117 117 117 117 117 117 117 117 117 116 117
  CH3(PC2): base=116 noise=0 thr=3 | 116 116 116 116 116 116 116 116 116 116 116 116 116 116 116 116 116 116 116 116 116 116 116 116 116 116 116 116 116 116 116 116
  CH4(PC3): base=117 noise=0 thr=3 | 117 117 117 117 117 117 117 117 117 117 117 117 117 117 117 117 117 117 117 117 117 117 117 117 117 117 117 117 117 117 117 117
  CH5(PA3): base=116 noise=1 thr=3 | 117 116 117 117 117 116 117 117 116 117 117 117 117 116 116 117 117 117 117 117 116 116 116 117 117 117 117 117 116 116 117 117
  CH6(PA4): base=116 noise=0 thr=3 | 116 116 116 116 116 116 116 116 116 116 116 116 116 116 116 116 116 116 116 116 116 116 116 116 116 116 116 116 116 116 116 116
[#108] T=54s 3ms 0us | HT=13587 TC=13596 drop=0
  CH1(PC0): base=117 noise=0 thr=3 | 117 117 117 117 117 117 117 117 117 117 117 117 117 117 117 117 117 117 117 117 117 117 117 117 117 117 117 117 117 117 117 117
  CH2(PC1): base=117 noise=0 thr=3 | 117 117 117 117 117 117 117 117 117 117 117 117 117 117 117 117 117 117 117 117 117 117 117 117 117 117 117 117 117 117 117 117
  CH3(PC2): base=116 noise=0 thr=3 | 116 116 116 116 116 116 116 116 116 116 116 116 116 116 116 116 116 116 116 116 116 116 116 116 116 116 116 116 116 116 116 116
  CH4(PC3): base=117 noise=0 thr=3 | 117 117 117 117 117 117 117 117 117 117 117 117 117 117 117 117 117 117 117 117 117 117 117 117 117 117 117 117 117 117 117 117
  CH5(PA3): base=117 noise=0 thr=3 | 117 117 117 117 117 117 117 117 117 117 117 117 117 117 117 117 117 117 117 117 117 117 117 117 117 117 117 117 117 117 117 117
  CH6(PA4): base=116 noise=0 thr=3 | 116 116 116 116 116 116 116 116 116 116 116 116 116 116 116 116 116 116 116 116 116 116 116 116 116 116 116 116 116 116 116 116
[#109] T=54s 503ms 0us | HT=13714 TC=13723 drop=0
  CH1(PC0): base=117 noise=0 thr=3 | 117 117 117 117 117 117 117 117 117 117 117 117 117 117 117 117 117 117 117 117 117 117 117 117 117 117 117 117 117 117 117 117
  CH2(PC1): base=116 noise=1 thr=3 | 117 117 117 117 117 117 117 117 117 117 117 117 117 117 117 117 116 117 117 117 117 117 117 117 117 117 117 117 117 117 117 117
  CH3(PC2): base=116 noise=0 thr=3 | 116 116 116 116 116 116 116 116 116 116 116 116 116 116 116 116 116 116 116 116 116 116 116 116 116 116 116 116 116 116 116 116
  CH4(PC3): base=115 noise=32 thr=3 | 124 119 113 108 104 102 102 103 107 112 117 123 127 131 132 132 130 125 120 114 111 105 102 101 102 105 110 115 121 126 130 132
  CH5(PA3): base=116 noise=1 thr=3 | 117 117 117 117 117 117 117 117 117 117 117 117 117 117 117 117 117 117 117 117 117 117 117 117 117 116 117 117 117 117 117 117
  CH6(PA4): base=116 noise=1 thr=3 | 116 116 116 116 116 116 116 116 116 116 116 116 116 116 116 116 116 116 116 116 116 116 116 116 116 116 116 116 116 116 116 116
[BENCH] 1024pt freq=40000.0 Hz | Full=382.02 us | CFFT=455.82 us (218796 cyc) | RFFT=236.79 us (113662 cyc) | CPU=480MHz rfft_init=1
[#110] T=55s 3ms 0us | HT=13841 TC=13850 drop=0
  CH1(PC0): base=117 noise=0 thr=3 | 117 117 117 117 117 117 117 117 117 117 117 117 117 117 117 117 117 117 117 117 117 117 117 117 117 117 117 117 117 117 117 117
  CH2(PC1): base=117 noise=0 thr=3 | 117 117 117 117 117 117 117 117 117 117 117 117 117 117 117 117 117 117 117 117 117 117 117 117 117 117 117 117 117 117 117 117
  CH3(PC2): base=116 noise=0 thr=3 | 116 116 116 116 116 116 116 116 116 116 116 116 116 116 116 116 116 116 116 116 116 116 116 116 116 116 116 116 116 116 116 116
  CH4(PC3): base=117 noise=0 thr=3 | 117 117 117 117 117 117 117 117 117 117 117 117 117 117 117 117 117 117 117 117 117 117 117 117 117 117 117 117 117 117 117 117
  CH5(PA3): base=116 noise=1 thr=3 | 117 117 117 117 117 116 117 117 117 117 117 117 117 117 117 117 117 117 117 117 117 117 117 117 117 117 117 117 117 117 117 117
  CH6(PA4): base=116 noise=0 thr=3 | 116 116 116 116 116 116 116 116 116 116 116 116 116 116 116 116 116 116 116 116 116 116 116 116 116 116 116 116 116 116 116 116
[#111] T=55s 503ms 0us | HT=13968 TC=13977 drop=0
  CH1(PC0): base=117 noise=0 thr=3 | 117 117 117 117 117 117 117 117 117 117 117 117 117 117 117 117 117 117 117 117 117 117 117 117 117 117 117 117 117 117 117 117
  CH2(PC1): base=116 noise=1 thr=3 | 117 117 117 117 117 117 117 117 117 117 117 117 117 117 117 117 117 117 117 117 117 117 117 117 117 117 117 117 117 117 117 117
  CH3(PC2): base=116 noise=0 thr=3 | 116 116 116 116 116 116 116 116 116 116 116 116 116 116 116 116 116 116 116 116 116 116 116 116 116 116 116 116 116 116 116 116
  CH4(PC3): base=117 noise=0 thr=3 | 117 117 117 117 117 117 117 117 117 117 117 117 117 117 117 117 117 117 117 117 117 117 117 117 117 117 117 117 117 117 117 117
  CH5(PA3): base=117 noise=0 thr=3 | 117 117 117 117 117 117 117 117 117 117 117 117 117 117 117 117 117 117 117 117 117 117 117 117 117 117 117 117 117 117 117 117
  CH6(PA4): base=116 noise=0 thr=3 | 116 116 116 116 116 116 116 116 116 116 116 116 116 116 116 116 116 116 116 116 116 116 116 116 116 116 116 116 116 116 116 116
[#112] T=56s 3ms 0us | HT=14096 TC=14104 drop=0
  CH1(PC0): base=117 noise=0 thr=3 | 117 117 117 117 117 117 117 117 117 117 117 117 117 117 117 117 117 117 117 117 117 117 117 117 117 117 117 117 117 117 117 117
  CH2(PC1): base=116 noise=1 thr=3 | 117 117 117 117 117 117 117 117 117 117 117 117 117 117 117 117 117 117 117 117 117 117 117 117 117 117 117 117 117 117 117 117
  CH3(PC2): base=115 noise=1 thr=3 | 116 116 116 116 116 116 116 116 116 116 116 116 116 116 116 116 115 116 116 116 116 116 116 116 116 116 116 116 116 116 116 116
  CH4(PC3): base=116 noise=30 thr=3 | 110 106 104 103 103 106 109 114 120 125 129 131 132 130 127 122 117 112 107 104 102 103 105 108 113 118 124 128 131 132 131 129
  CH5(PA3): base=116 noise=1 thr=3 | 117 117 116 117 117 116 117 117 117 117 117 117 117 117 117 117 117 117 117 117 117 117 117 117 117 117 117 117 117 117 117 117
  CH6(PA4): base=116 noise=0 thr=3 | 116 116 116 116 116 116 116 116 116 116 116 116 116 116 116 116 116 116 116 116 116 116 116 116 116 116 116 116 116 116 116 116
[#113] T=56s 503ms 0us | HT=14223 TC=14231 drop=0
