[#16356] T=8178s 3ms 0us | HT=2079627 TC=2079636 drop=0
  CH1(PC0): base=117 noise=0 thr=3 | 117 117 117 117 117 117 117 117 117 117 117 117 117 117 117 117 117 117 117 117 117 117 117 117 117 117 117 117 117 117 117 117
  CH2(PC1): base=117 noise=0 thr=3 | 117 117 117 117 117 117 117 117 117 117 117 117 117 117 117 117 117 117 117 117 117 117 117 117 117 117 117 117 117 117 117 117
  CH3(PC2): base=116 noise=0 thr=3 | 116 116 116 116 116 116 116 116 116 116 116 116 116 116 116 116 116 116 116 116 116 116 116 116 116 116 116 116 116 116 116 116
  CH4(PC3): base=117 noise=0 thr=3 | 117 117 117 117 117 117 117 117 117 117 117 117 117 117 117 117 117 117 117 117 117 117 117 117 117 117 117 117 117 117 117 117
  CH5(PA3): base=117 noise=0 thr=3 | 117 117 117 117 117 117 117 117 117 117 117 117 117 117 117 117 117 117 117 117 117 117 117 117 117 117 117 117 117 117 117 117
  CH6(PA4): base=116 noise=0 thr=3 | 116 116 116 116 116 116 116 116 116 116 116 116 116 116 116 116 116 116 116 116 116 116 116 116 116 116 116 116 116 116 116 116
[#16357] T=8178s 503ms 0us | HT=2079754 TC=2079763 drop=0
  CH1(PC0): base=116 noise=1 thr=3 | 117 117 116 117 117 117 117 117 117 117 117 117 117 117 117 117 117 117 117 117 117 117 117 117 117 117 117 117 117 117 117 117
  CH2(PC1): base=116 noise=2 thr=3 | 117 117 117 117 117 117 118 117 117 117 117 117 117 116 117 117 117 117 117 117 117 117 117 117 117 117 117 117 117 117 117 117
  CH3(PC2): base=116 noise=1 thr=3 | 116 116 116 116 116 116 116 116 116 116 116 116 116 116 116 116 116 116 116 116 116 116 116 116 116 116 116 116 116 116 116 116
  CH4(PC3): base=117 noise=2 thr=3 | 117 117 117 117 117 117 117 117 117 117 117 117 117 117 117 117 117 117 117 117 117 117 117 117 117 117 117 117 117 117 117 117
  CH5(PA3): base=116 noise=2 thr=3 | 117 117 117 117 117 117 117 117 117 118 117 117 117 117 117 117 116 117 117 117 117 117 117 116 117 117 117 117 117 117 117 117
  CH6(PA4): base=116 noise=2 thr=3 | 116 116 116 116 117 116 116 116 116 116 116 116 116 117 116 116 116 116 116 116 116 116 116 116 116 116 116 116 116 116 116 116
[#16358] T=8179s 3ms 0us | HT=2079881 TC=2079890 drop=0
  CH1(PC0): base=116 noise=1 thr=3 | 117 117 117 117 117 117 117 117 117 117 117 117 117 117 117 117 117 117 117 117 117 117 117 117 117 117 117 117 117 117 117 117
  CH2(PC1): base=117 noise=0 thr=3 | 117 117 117 117 117 117 117 117 117 117 117 117 117 117 117 117 117 117 117 117 117 117 117 117 117 117 117 117 117 117 117 117
  CH3(PC2): base=116 noise=0 thr=3 | 116 116 116 116 116 116 116 116 116 116 116 116 116 116 116 116 116 116 116 116 116 116 116 116 116 116 116 116 116 116 116 116
  CH4(PC3): base=117 noise=0 thr=3 | 117 117 117 117 117 117 117 117 117 117 117 117 117 117 117 117 117 117 117 117 117 117 117 117 117 117 117 117 117 117 117 117
  CH5(PA3): base=117 noise=0 thr=3 | 117 117 117 117 117 117 117 117 117 117 117 117 117 117 117 117 117 117 117 117 117 117 117 117 117 117 117 117 117 117 117 117
  CH6(PA4): base=116 noise=0 thr=3 | 116 116 116 116 116 116 116 116 116 116 116 116 116 116 116 116 116 116 116 116 116 116 116 116 116 116 116 116 116 116 116 116
[#16359] T=8179s 503ms 0us | HT=2080009 TC=2080017 drop=0
  CH1(PC0): base=117 noise=0 thr=3 | 117 117 117 117 117 117 117 117 117 117 117 117 117 117 117 117 117 117 117 117 117 117 117 117 117 117 117 117 117 117 117 117
  CH2(PC1): base=117 noise=0 thr=3 | 117 117 117 117 117 117 117 117 117 117 117 117 117 117 117 117 117 117 117 117 117 117 117 117 117 117 117 117 117 117 117 117
  CH3(PC2): base=116 noise=0 thr=3 | 116 116 116 116 116 116 116 116 116 116 116 116 116 116 116 116 116 116 116 116 116 116 116 116 116 116 116 116 116 116 116 116
  CH4(PC3): base=117 noise=0 thr=3 | 117 117 117 117 117 117 117 117 117 117 117 117 117 117 117 117 117 117 117 117 117 117 117 117 117 117 117 117 117 117 117 117
  CH5(PA3): base=116 noise=1 thr=3 | 117 117 117 117 117 117 117 117 117 117 117 117 117 117 117 117 117 117 117 117 117 117 117 116 117 117 117 117 117 117 117 117
  CH6(PA4): base=116 noise=0 thr=3 | 116 116 116 116 116 116 116 116 116 116 116 116 116 116 116 116 116 116 116 116 116 116 116 116 116 116 116 116 116 116 116 116
[BENCH] 1024pt freq=40000.0 Hz | Full=382.17 us | CFFT=457.05 us (219384 cyc) | RFFT=237.25 us (113883 cyc) | CPU=480MHz rfft_init=1
[#16360] T=8180s 3ms 0us | HT=2080136 TC=2080144 drop=0
  CH1(PC0): base=116 noise=2 thr=3 | 117 116 117 117 117 117 117 117 116 117 117 117 117 117 117 117 118 117 117 117 117 117 117 117 117 117 117 117 117 117 117 117
  CH2(PC1): base=116 noise=1 thr=3 | 117 117 117 117 117 117 117 117 117 117 117 117 117 117 117 117 117 117 117 117 117 117 117 117 117 117 117 117 117 117 117 117
  CH3(PC2): base=116 noise=0 thr=3 | 116 116 116 116 116 116 116 116 116 116 116 116 116 116 116 116 116 116 116 116 116 116 116 116 116 116 116 116 116 116 116 116
  CH4(PC3): base=117 noise=0 thr=3 | 117 117 117 117 117 117 117 117 117 117 117 117 117 117 117 117 117 117 117 117 117 117 117 117 117 117 117 117 117 117 117 117
  CH5(PA3): base=116 noise=1 thr=3 | 116 116 117 117 117 117 117 117 117 117 116 117 117 117 117 117 117 117 117 117 117 117 117 117 117 117 116 117 117 117 117 117
  CH6(PA4): base=116 noise=0 thr=3 | 116 116 116 116 116 116 116 116 116 116 116 116 116 116 116 116 116 116 116 116 116 116 116 116 116 116 116 116 116 116 116 116
[#16361] T=8180s 503ms 0us | HT=2080263 TC=2080271 drop=0
  CH1(PC0): base=117 noise=0 thr=3 | 117 117 117 117 117 117 117 117 117 117 117 117 117 117 117 117 117 117 117 117 117 117 117 117 117 117 117 117 117 117 117 117
  CH2(PC1): base=117 noise=0 thr=3 | 117 117 117 117 117 117 117 117 117 117 117 117 117 117 117 117 117 117 117 117 117 117 117 117 117 117 117 117 117 117 117 117
  CH3(PC2): base=116 noise=0 thr=3 | 116 116 116 116 116 116 116 116 116 116 116 116 116 116 116 116 116 116 116 116 116 116 116 116 116 116 116 116 116 116 116 116
  CH4(PC3): base=117 noise=0 thr=3 | 117 117 117 117 117 117 117 117 117 117 117 117 117 117 117 117 117 117 117 117 117 117 117 117 117 117 117 117 117 117 117 117
  CH5(PA3): base=116 noise=1 thr=3 | 117 117 117 117 117 116 117 117 117 117 117 117 116 116 117 117 117 117 117 117 116 117 117 117 117 117 117 117 117 117 117 117
  CH6(PA4): base=115 noise=1 thr=3 | 116 116 116 116 116 116 116 116 116 116 116 116 116 116 116 116 116 116 116 116 116 116 116 116 116 116 116 116 116 116 116 116
[#16362] T=8181s 3ms 0us | HT=2080390 TC=2080398 drop=0
  CH1(PC0): base=117 noise=0 thr=3 | 117 117 117 117 117 117 117 117 117 117 117 117 117 117 117 117 117 117 117 117 117 117 117 117 117 117 117 117 117 117 117 117
  CH2(PC1): base=117 noise=0 thr=3 | 117 117 117 117 117 117 117 117 117 117 117 117 117 117 117 117 117 117 117 117 117 117 117 117 117 117 117 117 117 117 117 117
  CH3(PC2): base=116 noise=0 thr=3 | 116 116 116 116 116 116 116 116 116 116 116 116 116 116 116 116 116 116 116 116 116 116 116 116 116 116 116 116 116 116 116 116
  CH4(PC3): base=117 noise=0 thr=3 | 117 117 117 117 117 117 117 117 117 117 117 117 117 117 117 117 117 117 117 117 117 117 117 117 117 117 117 117 117 117 117 117
  CH5(PA3): base=116 noise=1 thr=3 | 117 117 117 117 117 117 117 117 117 117 117 117 117 117 117 117 117 117 117 117 117 117 117 117 117 117 117 117 117 117 117 117
  CH6(PA4): base=116 noise=0 thr=3 | 116 116 116 116 116 116 116 116 116 116 116 116 116 116 116 116 116 116 116 116 116 116 116 116 116 116 116 116 116 116 116 116
[#16363] T=8181s 503ms 0us | HT=2080517 TC=2080526 drop=0
  CH1(PC0): base=116 noise=2 thr=3 | 117 117 117 117 117 117 117 117 117 117 117 117 117 117 116 117 117 117 117 117 117 117 117 117 117 117 117 117 117 117 117 117
  CH2(PC1): base=116 noise=1 thr=3 | 117 117 117 117 117 117 117 117 117 117 117 117 117 117 117 117 116 117 117 117 117 117 117 117 117 117 117 117 117 117 117 117
  CH3(PC2): base=116 noise=2 thr=3 | 116 116 116 116 116 116 116 116 116 116 116 116 116 116 116 116 116 116 117 116 116 116 116 116 116 116 116 116 116 116 116 116
  CH4(PC3): base=115 noise=30 thr=3 | 114 109 106 103 102 104 106 110 115 121 126 130 132 132 130 127 122 116 111 107 104 102 103 105 108 113 118 124 128 131 132 131
  CH5(PA3): base=116 noise=1 thr=3 | 117 117 117 117 117 117 117 117 117 117 117 117 117 117 117 117 117 117 117 117 117 117 117 116 117 117 117 117 117 117 117 117
  CH6(PA4): base=116 noise=1 thr=3 | 116 116 116 116 116 116 116 116 116 116 116 117 116 116 116 116 116 116 116 116 116 116 116 116 116 116 116 116 116 116 116 116
[#16364] T=8182s 3ms 0us | HT=2080644 TC=2080653 drop=0
  CH1(PC0): base=117 noise=0 thr=3 | 117 117 117 117 117 117 117 117 117 117 117 117 117 117 117 117 117 117 117 117 117 117 117 117 117 117 117 117 117 117 117 117
  CH2(PC1): base=117 noise=0 thr=3 | 117 117 117 117 117 117 117 117 117 117 117 117 117 117 117 117 117 117 117 117 117 117 117 117 117 117 117 117 117 117 117 117
  CH3(PC2): base=116 noise=0 thr=3 | 116 116 116 116 116 116 116 116 116 116 116 116 116 116 116 116 116 116 116 116 116 116 116 116 116 116 116 116 116 116 116 116
  CH4(PC3): base=117 noise=0 thr=3 | 117 117 117 117 117 117 117 117 117 117 117 117 117 117 117 117 117 117 117 117 117 117 117 117 117 117 117 117 117 117 117 117
  CH5(PA3): base=117 noise=0 thr=3 | 117 117 117 117 117 117 117 117 117 117 117 117 117 117 117 117 117 117 117 117 117 117 117 117 117 117 117 117 117 117 117 117
  CH6(PA4): base=116 noise=0 thr=3 | 116 116 116 116 116 116 116 116 116 116 116 116 116 116 116 116 116 116 116 116 116 116 116 116 116 116 116 116 116 116 116 116
[#16365] T=8182s 503ms 0us | HT=2080771 TC=2080780 drop=0
  CH1(PC0): base=117 noise=0 thr=3 | 117 117 117 117 117 117 117 117 117 117 117 117 117 117 117 117 117 117 117 117 117 117 117 117 117 117 117 117 117 117 117 117
  CH2(PC1): base=117 noise=0 thr=3 | 117 117 117 117 117 117 117 117 117 117 117 117 117 117 117 117 117 117 117 117 117 117 117 117 117 117 117 117 117 117 117 117
  CH3(PC2): base=116 noise=0 thr=3 | 116 116 116 116 116 116 116 116 116 116 116 116 116 116 116 116 116 116 116 116 116 116 116 116 116 116 116 116 116 116 116 116
  CH4(PC3): base=117 noise=0 thr=3 | 117 117 117 117 117 117 117 117 117 117 117 117 117 117 117 117 117 117 117 117 117 117 117 117 117 117 117 117 117 117 117 117
  CH5(PA3): base=117 noise=0 thr=3 | 117 117 117 117 117 117 117 117 117 117 117 117 117 117 117 117 117 117 117 117 117 117 117 117 117 117 117 117 117 117 117 117
  CH6(PA4): base=116 noise=0 thr=3 | 116 116 116 116 116 116 116 116 116 116 116 116 116 116 116 116 116 116 116 116 116 116 116 116 116 116 116 116 116 116 116 116
[#16366] T=8183s 3ms 0us | HT=2080899 TC=2080907 drop=0
  CH1(PC0): base=117 noise=0 thr=3 | 117 117 117 117 117 117 117 117 117 117 117 117 117 117 117 117 117 117 117 117 117 117 117 117 117 117 117 117 117 117 117 117
  CH2(PC1): base=116 noise=1 thr=3 | 117 117 117 117 117 117 117 117 117 117 117 117 117 117 117 117 117 117 117 117 117 117 117 117 117 117 117 117 117 117 117 117
  CH3(PC2): base=116 noise=3 thr=3 | 116 116 116 116 116 116 116 116 116 116 116 116 116 116 116 116 116 116 116 116 116 116 118 116 116 116 116 116 116 116 116 116
  CH4(PC3): base=116 noise=10 thr=3 | 113 112 113 113 114 116 117 119 120 121 122 121 120 119 117 115 114 113 113 113 113 114 116 117 119 121 122 122 122 121 119 117
  CH5(PA3): base=116 noise=1 thr=3 | 117 117 117 117 117 117 117 117 117 117 117 117 117 117 117 117 117 117 117 117 117 117 117 117 117 117 117 117 117 117 117 117
  CH6(PA4): base=115 noise=1 thr=3 | 116 116 116 116 116 116 116 116 115 116 116 116 116 116 116 116 116 116 116 116 116 116 116 116 116 116 116 116 116 116 116 116
[#16367] T=8183s 503ms 0us | HT=2081026 TC=2081034 drop=0
  CH1(PC0): base=117 noise=0 thr=3 | 117 117 117 117 117 117 117 117 117 117 117 117 117 117 117 117 117 117 117 117 117 117 117 117 117 117 117 117 117 117 117 117
  CH2(PC1): base=117 noise=0 thr=3 | 117 117 117 117 117 117 117 117 117 117 117 117 117 117 117 117 117 117 117 117 117 117 117 117 117 117 117 117 117 117 117 117
  CH3(PC2): base=116 noise=0 thr=3 | 116 116 116 116 116 116 116 116 116 116 116 116 116 116 116 116 116 116 116 116 116 116 116 116 116 116 116 116 116 116 116 116
  CH4(PC3): base=117 noise=0 thr=3 | 117 117 117 117 117 117 117 117 117 117 117 117 117 117 117 117 117 117 117 117 117 117 117 117 117 117 117 117 117 117 117 117
  CH5(PA3): base=116 noise=1 thr=3 | 117 116 117 117 117 117 117 117 116 116 116 116 116 117 117 117 117 117 117 117 117 116 116 116 117 117 117 117 117 117 117 117
  CH6(PA4): base=116 noise=0 thr=3 | 116 116 116 116 116 116 116 116 116 116 116 116 116 116 116 116 116 116 116 116 116 116 116 116 116 116 116 116 116 116 116 116
[#16368] T=8184s 3ms 0us | HT=2081153 TC=2081161 drop=0
  CH1(PC0): base=117 noise=0 thr=3 | 117 117 117 117 117 117 117 117 117 117 117 117 117 117 117 117 117 117 117 117 117 117 117 116 116 117 117 117 117 117 117 116
  CH2(PC1): base=116 noise=1 thr=3 | 117 117 117 117 117 117 117 117 116 117 117 117 117 117 117 116 117 117 117 117 117 117 117 116 117 117 117 117 117 117 117 116
  CH3(PC2): base=116 noise=0 thr=3 | 116 116 116 116 116 116 116 116 116 116 116 116 116 116 116 116 116 116 116 116 116 116 116 116 116 116 116 116 116 116 116 116
  CH4(PC3): base=117 noise=0 thr=3 | 117 117 117 117 117 117 117 117 117 117 117 117 117 117 117 117 117 117 117 117 117 117 117 117 117 117 117 117 117 117 117 117
  CH5(PA3): base=116 noise=1 thr=3 | 117 116 117 117 117 117 117 117 117 117 117 117 117 117 116 116 117 117 117 117 117 117 116 116 117 117 117 117 117 117 116 116
  CH6(PA4): base=116 noise=0 thr=3 | 116 116 116 116 116 116 116 116 116 116 116 116 116 116 116 116 116 116 116 116 116 116 116 116 116 116 116 116 116 116 116 116
[#16369] T=8184s 503ms 0us | HT=2081280 TC=2081289 drop=0
  CH1(PC0): base=117 noise=0 thr=3 | 117 117 117 117 117 117 117 117 117 117 117 117 117 117 117 117 117 117 117 117 117 117 117 117 117 117 117 117 117 117 117 117
  CH2(PC1): base=116 noise=2 thr=3 | 117 117 117 117 117 117 117 117 117 117 117 117 117 117 117 117 117 117 117 117 117 117 117 117 117 116 117 117 117 117 117 117
  CH3(PC2): base=116 noise=0 thr=3 | 116 116 116 116 116 116 116 116 116 116 116 116 116 116 116 116 116 116 116 116 116 116 116 116 116 116 116 116 116 116 116 116
  CH4(PC3): base=117 noise=0 thr=3 | 117 117 117 117 117 117 117 117 117 117 117 117 117 117 117 117 117 117 117 117 117 117 117 117 117 117 117 117 117 117 117 117
  CH5(PA3): base=117 noise=0 thr=3 | 117 117 117 117 117 117 117 117 117 117 117 117 117 117 117 117 117 117 117 117 117 117 117 117 117 117 117 117 117 117 117 117
  CH6(PA4): base=115 noise=1 thr=3 | 116 116 116 116 116 116 116 116 116 116 116 116 116 116 116 116 116 116 116 116 116 116 116 116 116 116 116 116 116 116 116 116
[BENCH] 1024pt freq=40000.0 Hz | Full=382.52 us | CFFT=455.44 us (218614 cyc) | RFFT=236.31 us (113433 cyc) | CPU=480MHz rfft_init=1
[#16370] T=8185s 3ms 0us | HT=2081407 TC=2081416 drop=0
  CH1(PC0): base=117 noise=0 thr=3 | 117 117 117 117 117 117 117 117 117 117 117 117 117 117 117 117 117 117 117 117 117 117 117 117 117 117 117 117 117 117 117 117
  CH2(PC1): base=117 noise=0 thr=3 | 117 117 117 117 117 117 117 117 117 117 117 117 117 117 117 117 117 117 117 117 117 117 117 117 117 117 117 117 117 117 117 117
  CH3(PC2): base=116 noise=0 thr=3 | 116 116 116 116 116 116 116 116 116 116 116 116 116 116 116 116 116 116 116 116 116 116 116 116 116 116 116 116 116 116 116 116
  CH4(PC3): base=117 noise=0 thr=3 | 117 117 117 117 117 117 117 117 117 117 117 117 117 117 117 117 117 117 117 117 117 117 117 117 117 117 117 117 117 117 117 117
  CH5(PA3): base=117 noise=0 thr=3 | 117 117 117 117 117 117 117 117 117 117 117 117 117 117 117 117 117 117 117 117 117 117 117 117 117 117 117 117 117 117 117 117
  CH6(PA4): base=116 noise=0 thr=3 | 116 116 116 116 116 116 116 116 116 116 116 116 116 116 116 116 116 116 116 116 116 116 116 116 116 116 116 116 116 116 116 116
[#16371] T=8185s 503ms 0us | HT=2081534 TC=2081543 drop=0
  CH1(PC0): base=117 noise=0 thr=3 | 117 117 117 117 117 117 117 117 117 117 117 117 117 117 117 117 117 117 117 117 117 117 117 117 117 117 117 117 117 117 117 117
  CH2(PC1): base=117 noise=0 thr=3 | 117 117 117 117 117 117 117 117 117 117 117 117 117 117 117 117 117 117 117 117 117 117 117 117 117 117 117 117 117 117 117 117
  CH3(PC2): base=116 noise=0 thr=3 | 116 116 116 116 116 116 116 116 116 116 116 116 116 116 116 116 116 116 116 116 116 116 116 116 116 116 116 116 116 116 116 116
  CH4(PC3): base=117 noise=0 thr=3 | 117 117 117 117 117 117 117 117 117 117 117 117 117 117 117 117 117 117 117 117 117 117 117 117 117 117 117 117 117 117 117 117
  CH5(PA3): base=116 noise=1 thr=3 | 117 117 117 117 117 117 117 117 117 117 117 117 117 117 117 117 117 117 117 117 117 117 117 117 117 117 117 117 117 117 117 117
  CH6(PA4): base=116 noise=0 thr=3 | 116 116 116 116 116 116 116 116 116 116 116 116 116 116 116 116 116 116 116 116 116 116 116 116 116 116 116 116 116 116 116 116
[#16372] T=8186s 3ms 0us | HT=2081662 TC=2081670 drop=0
  CH1(PC0): base=116 noise=1 thr=3 | 117 117 117 117 117 117 117 117 117 117 117 117 117 117 117 117 117 117 117 117 117 117 117 117 117 117 117 117 117 117 117 117
  CH2(PC1): base=116 noise=1 thr=3 | 117 117 117 117 117 117 117 117 117 117 117 117 117 117 117 117 117 117 117 117 117 116 117 117 117 117 117 117 117 117 117 117
  CH3(PC2): base=116 noise=1 thr=3 | 116 116 116 116 116 116 116 116 116 116 116 116 116 116 116 116 116 116 116 116 116 116 116 116 116 116 116 116 116 116 116 116
  CH4(PC3): base=117 noise=2 thr=3 | 117 117 117 117 117 117 117 117 117 117 117 117 117 117 117 117 117 117 117 117 117 117 117 117 117 117 117 117 117 117 117 117
  CH5(PA3): base=116 noise=2 thr=3 | 117 117 117 117 117 117 117 117 117 117 117 117 117 117 117 117 117 118 117 117 117 117 117 117 117 117 117 117 117 117 117 116
  CH6(PA4): base=115 noise=1 thr=3 | 116 116 116 116 116 116 115 116 116 116 116 116 116 115 116 116 116 116 116 116 116 116 116 116 116 116 116 116 116 116 116 116
[#16373] T=8186s 503ms 0us | HT=2081789 TC=2081797 drop=0
  CH1(PC0): base=117 noise=0 thr=3 | 117 117 117 117 117 117 117 117 117 117 117 117 117 117 117 117 117 117 117 117 117 117 117 117 117 117 117 117 117 117 117 117
  CH2(PC1): base=117 noise=0 thr=3 | 117 117 117 117 117 117 117 117 117 117 117 117 117 117 117 117 117 117 117 117 117 117 117 117 117 117 117 117 117 117 117 117
  CH3(PC2): base=116 noise=0 thr=3 | 116 116 116 116 116 116 116 116 116 116 116 116 116 116 116 116 116 116 116 116 116 116 116 116 116 116 116 116 116 116 116 116
  CH4(PC3): base=117 noise=0 thr=3 | 117 117 117 117 117 117 117 117 117 117 117 117 117 117 117 117 117 117 117 117 117 117 117 117 117 117 117 117 117 117 117 117
  CH5(PA3): base=116 noise=1 thr=3 | 116 116 116 117 117 117 117 117 117 117 117 117 117 117 117 117 117 116 117 117 117 117 117 117 117 117 117 117 117 117 117 117
  CH6(PA4): base=116 noise=0 thr=3 | 116 116 116 116 116 116 116 116 116 116 116 116 116 116 116 116 116 116 116 116 116 116 116 116 116 116 116 116 116 116 116 116
[#16374] T=8187s 3ms 0us | HT=2081916 TC=2081924 drop=0
  CH1(PC0): base=117 noise=0 thr=3 | 117 117 117 117 117 117 117 117 117 117 117 117 117 117 117 117 117 117 117 117 117 117 117 117 117 117 117 117 117 117 117 117
  CH2(PC1): base=117 noise=0 thr=3 | 117 117 117 117 117 117 117 117 117 117 117 117 117 117 117 117 117 117 117 117 117 117 117 117 117 117 117 117 117 117 117 117
  CH3(PC2): base=116 noise=0 thr=3 | 116 116 116 116 116 116 116 116 116 116 116 116 116 116 116 116 116 116 116 116 116 116 116 116 116 116 116 116 116 116 116 116
  CH4(PC3): base=117 noise=0 thr=3 | 117 117 117 117 117 117 117 117 117 117 117 117 117 117 117 117 117 117 117 117 117 117 117 117 117 117 117 117 117 117 117 117
  CH5(PA3): base=116 noise=1 thr=3 | 117 116 117 117 117 117 117 116 117 117 117 117 117 117 117 116 116 117 117 117 117 117 117 116 117 117 117 117 117 117 117 116
  CH6(PA4): base=116 noise=0 thr=3 | 116 116 116 116 116 116 116 116 116 116 116 116 116 116 116 116 116 116 116 116 116 116 116 116 116 116 116 116 116 116 116 116
[#16375] T=8187s 503ms 0us | HT=2082043 TC=2082052 drop=0
  CH1(PC0): base=116 noise=2 thr=3 | 117 117 117 117 117 117 117 117 117 117 117 117 117 117 117 117 117 117 117 117 117 117 117 117 117 116 117 117 117 117 117 117
  CH2(PC1): base=117 noise=2 thr=3 | 117 117 117 117 117 117 117 117 117 117 117 117 117 117 117 117 117 117 117 117 117 117 117 117 117 117 117 117 117 117 117 117
  CH3(PC2): base=116 noise=2 thr=3 | 116 116 116 116 116 116 116 116 116 116 116 116 116 116 116 116 116 117 116 116 116 116 116 116 116 116 116 116 116 116 116 116
  CH4(PC3): base=116 noise=3 thr=3 | 117 117 117 117 117 117 117 117 117 117 117 117 117 117 117 117 117 117 117 117 117 118 117 117 117 117 117 117 116 117 117 117
  CH5(PA3): base=116 noise=2 thr=3 | 117 117 116 117 117 117 117 117 117 117 117 117 117 117 117 117 117 117 117 117 117 117 117 117 117 117 117 117 117 117 117 117
  CH6(PA4): base=115 noise=2 thr=3 | 116 116 116 116 116 116 116 116 116 116 116 116 116 116 116 116 116 116 116 116 114 116 116 116 116 116 116 116 116 116 116 116
[#16376] T=8188s 3ms 0us | HT=2082170 TC=2082179 drop=0
  CH1(PC0): base=117 noise=0 thr=3 | 117 117 117 117 117 117 117 117 117 117 117 117 117 117 117 117 117 117 117 117 117 117 117 117 117 117 117 117 117 117 117 117
  CH2(PC1): base=117 noise=0 thr=3 | 117 117 117 117 117 117 117 117 117 117 117 117 117 117 117 117 117 117 117 117 117 117 117 117 117 117 117 117 117 117 117 117
  CH3(PC2): base=116 noise=0 thr=3 | 116 116 116 116 116 116 116 116 116 116 116 116 116 116 116 116 116 116 116 116 116 116 116 116 116 116 116 116 116 116 116 116
  CH4(PC3): base=117 noise=0 thr=3 | 117 117 117 117 117 117 117 117 117 117 117 117 117 117 117 117 117 117 117 117 117 117 117 117 117 117 117 117 117 117 117 117
  CH5(PA3): base=117 noise=0 thr=3 | 117 117 117 117 117 117 117 117 117 117 117 117 117 117 117 117 117 117 117 117 117 117 117 117 117 117 117 117 117 117 117 117
  CH6(PA4): base=116 noise=0 thr=3 | 116 116 116 116 116 116 116 116 116 116 116 116 116 116 116 116 116 116 116 116 116 116 116 116 116 116 116 116 116 116 116 116
[#16377] T=8188s 503ms 0us | HT=2082297 TC=2082306 drop=0
  CH1(PC0): base=117 noise=0 thr=3 | 117 117 117 117 117 117 117 117 117 117 117 117 117 117 117 117 117 117 117 117 117 117 117 117 117 117 117 117 117 117 117 117
  CH2(PC1): base=117 noise=0 thr=3 | 117 117 117 117 117 117 117 117 117 117 117 117 117 117 117 117 117 117 117 117 117 117 117 117 117 117 117 117 117 117 117 117
  CH3(PC2): base=116 noise=0 thr=3 | 116 116 116 116 116 116 116 116 116 116 116 116 116 116 116 116 116 116 116 116 116 116 116 116 116 116 116 116 116 116 116 116
  CH4(PC3): base=117 noise=0 thr=3 | 117 117 117 117 117 117 117 117 117 117 117 117 117 117 117 117 117 117 117 117 117 117 117 117 117 117 117 117 117 117 117 117
  CH5(PA3): base=116 noise=1 thr=3 | 117 117 117 117 117 117 117 117 117 117 117 117 117 117 117 117 117 117 117 116 117 117 117 117 117 117 117 117 117 117 117 117
  CH6(PA4): base=116 noise=0 thr=3 | 116 116 116 116 116 116 116 116 116 116 116 116 116 116 116 116 116 116 116 116 116 116 116 116 116 116 116 116 116 116 116 116
[#16378] T=8189s 3ms 0us | HT=2082425 TC=2082433 drop=0
  CH1(PC0): base=116 noise=1 thr=3 | 117 117 117 117 117 117 117 117 117 117 117 117 117 117 117 117 117 117 117 117 117 117 117 117 117 117 117 117 117 117 117 117
  CH2(PC1): base=116 noise=2 thr=3 | 117 117 117 117 117 117 117 117 117 117 117 117 117 117 117 117 117 117 117 117 117 117 117 115 117 117 117 117 117 117 117 117
  CH3(PC2): base=115 noise=2 thr=3 | 116 116 116 116 116 116 116 116 116 116 116 116 114 116 116 116 116 116 116 116 116 116 116 116 116 116 116 116 116 116 116 116
  CH4(PC3): base=116 noise=1 thr=3 | 117 116 117 117 117 117 117 117 117 117 117 117 117 117 117 117 117 117 117 117 117 117 117 117 117 117 117 117 117 117 117 117
  CH5(PA3): base=116 noise=1 thr=3 | 117 117 117 117 117 117 117 117 117 117 117 117 117 117 117 117 117 117 117 117 117 117 117 117 117 117 117 117 117 117 117 117
  CH6(PA4): base=115 noise=1 thr=3 | 116 116 116 116 116 116 116 116 116 116 116 116 116 116 116 116 116 116 116 116 116 116 116 116 116 116 116 116 116 116 116 116
[#16379] T=8189s 503ms 0us | HT=2082552 TC=2082560 drop=0
  CH1(PC0): base=117 noise=0 thr=3 | 117 117 117 117 117 117 117 117 117 117 117 117 117 117 117 117 117 117 117 117 117 117 117 117 117 117 117 117 117 117 117 117
  CH2(PC1): base=117 noise=0 thr=3 | 117 117 117 117 117 117 117 117 117 117 117 117 117 117 117 117 117 117 117 117 117 117 117 117 117 117 117 117 117 117 117 117
  CH3(PC2): base=116 noise=0 thr=3 | 116 116 116 116 116 116 116 116 116 116 116 116 116 116 116 116 116 116 116 116 116 116 116 116 116 116 116 116 116 116 116 116
  CH4(PC3): base=117 noise=0 thr=3 | 117 117 117 117 117 117 117 117 117 117 117 117 117 117 117 117 117 117 117 117 117 117 117 117 117 117 117 117 117 117 117 117
  CH5(PA3): base=117 noise=0 thr=3 | 117 117 117 117 117 117 117 117 117 117 117 117 117 117 117 117 117 117 117 117 117 117 117 117 117 117 117 117 117 117 117 117
  CH6(PA4): base=116 noise=0 thr=3 | 116 116 116 116 116 116 116 116 116 116 116 116 116 116 116 116 116 116 116 116 116 116 116 116 116 116 116 116 116 116 116 116
[BENCH] 1024pt freq=40000.0 Hz | Full=382.65 us | CFFT=455.97 us (218870 cyc) | RFFT=236.80 us (113666 cyc) | CPU=480MHz rfft_init=1
[#16380] T=8190s 3ms 0us | HT=2082679 TC=2082687 drop=0
  CH1(PC0): base=116 noise=1 thr=3 | 117 117 117 117 117 117 117 117 117 117 117 117 117 117 117 117 117 117 117 117 117 117 117 117 117 117 117 117 117 117 117 117
  CH2(PC1): base=117 noise=0 thr=3 | 117 117 117 117 117 117 117 117 117 117 117 117 117 117 117 117 117 117 117 117 117 117 117 117 117 117 117 117 117 117 117 117
  CH3(PC2): base=116 noise=0 thr=3 | 116 116 116 116 116 116 116 116 116 116 116 116 116 116 116 116 116 116 116 116 116 116 116 116 116 116 116 116 116 116 116 116
  CH4(PC3): base=117 noise=0 thr=3 | 117 117 117 117 117 117 117 117 117 117 117 117 117 117 117 117 117 117 117 117 117 117 117 117 117 117 117 117 117 117 117 117
  CH5(PA3): base=116 noise=1 thr=3 | 117 116 116 116 117 116 117 117 117 117 117 117 117 117 117 117 117 117 116 116 116 116 117 117 117 117 117 117 117 117 117 117
  CH6(PA4): base=116 noise=0 thr=3 | 116 116 116 116 116 116 116 116 116 116 116 116 116 116 116 116 116 116 116 116 116 116 116 116 116 116 116 116 116 116 116 116
[#16381] T=8190s 503ms 0us | HT=2082806 TC=2082814 drop=0
  CH1(PC0): base=116 noise=1 thr=3 | 117 116 116 117 117 117 117 117 117 117 117 117 117 117 117 117 117 117 117 117 117 117 117 117 117 117 117 117 117 117 117 117
  CH2(PC1): base=116 noise=1 thr=3 | 117 116 117 117 117 117 117 117 117 117 117 117 117 117 117 117 117 117 116 117 117 117 117 117 117 117 117 117 117 117 117 117
  CH3(PC2): base=116 noise=0 thr=3 | 116 116 116 116 116 116 116 116 116 116 116 116 116 116 116 116 116 116 116 116 116 116 116 116 116 116 116 116 116 116 116 116
  CH4(PC3): base=115 noise=30 thr=3 | 127 122 117 111 107 104 102 102 104 107 111 118 123 128 131 132 132 129 124 119 114 109 106 103 103 104 106 111 116 121 126 129
  CH5(PA3): base=116 noise=3 thr=3 | 117 117 117 117 117 117 117 117 117 116 116 117 118 117 117 117 117 117 117 117 117 117 117 117 117 116 116 116 117 117 117 116
  CH6(PA4): base=115 noise=1 thr=3 | 116 116 116 116 116 116 116 116 116 116 116 116 116 116 116 116 116 116 116 116 116 116 116 116 116 116 116 116 116 116 116 116
[#16382] T=8191s 3ms 0us | HT=2082933 TC=2082942 drop=0
  CH1(PC0): base=117 noise=0 thr=3 | 117 117 117 117 117 117 117 117 117 117 117 117 117 117 117 117 117 117 117 117 117 117 117 117 117 117 117 117 117 117 117 117
  CH2(PC1): base=117 noise=0 thr=3 | 117 117 117 117 117 117 117 117 117 117 117 117 117 117 117 117 117 117 117 117 117 117 117 117 117 117 117 117 117 117 117 117
  CH3(PC2): base=116 noise=0 thr=3 | 116 116 116 116 116 116 116 116 116 116 116 116 116 116 116 116 116 116 116 116 116 116 116 116 116 116 116 116 116 116 116 116
  CH4(PC3): base=117 noise=0 thr=3 | 117 117 117 117 117 117 117 117 117 117 117 117 117 117 117 117 117 117 117 117 117 117 117 117 117 117 117 117 117 117 117 117
  CH5(PA3): base=117 noise=0 thr=3 | 117 117 117 117 117 117 117 117 117 117 117 117 117 117 117 117 117 117 117 117 117 117 117 117 117 117 117 117 117 117 117 117
  CH6(PA4): base=115 noise=1 thr=3 | 116 115 116 116 116 116 116 116 116 116 116 116 116 116 116 116 116 116 116 116 116 116 116 116 116 116 116 116 116 116 116 116
[#16383] T=8191s 503ms 0us | HT=2083060 TC=2083069 drop=0
  CH1(PC0): base=117 noise=0 thr=3 | 117 117 117 117 117 117 117 117 117 117 117 117 117 117 117 117 117 117 117 117 117 117 117 117 117 117 117 117 117 117 117 117
  CH2(PC1): base=117 noise=0 thr=3 | 117 117 117 117 117 117 117 117 117 117 117 117 117 117 117 117 117 117 117 117 117 117 117 117 117 117 117 117 117 117 117 117
  CH3(PC2): base=116 noise=0 thr=3 | 116 116 116 116 116 116 116 116 116 116 116 116 116 116 116 116 116 116 116 116 116 116 116 116 116 116 116 116 116 116 116 116
  CH4(PC3): base=117 noise=0 thr=3 | 117 117 117 117 117 117 117 117 117 117 117 117 117 117 117 117 117 117 117 117 117 117 117 117 117 117 117 117 117 117 117 117
  CH5(PA3): base=117 noise=0 thr=3 | 117 117 117 117 117 117 117 117 117 117 117 117 117 117 117 117 117 117 117 117 117 117 117 117 117 117 117 117 117 117 117 117
  CH6(PA4): base=116 noise=0 thr=3 | 116 116 116 116 116 116 116 116 116 116 116 116 116 116 116 116 116 116 116 116 116 116 116 116 116 116 116 116 116 116 116 116
[#16384] T=8192s 3ms 0us | HT=2083187 TC=2083196 drop=0
  CH1(PC0): base=117 noise=2 thr=3 | 117 117 117 117 117 117 117 117 117 117 117 117 117 117 117 117 117 117 117 117 117 117 117 117 117 117 117 117 117 117 117 117
  CH2(PC1): base=117 noise=0 thr=3 | 117 117 117 117 117 117 117 117 117 117 117 117 117 117 117 117 117 117 117 117 117 117 117 117 117 117 117 117 117 117 117 117
  CH3(PC2): base=116 noise=0 thr=3 | 116 116 116 116 116 116 116 116 116 116 116 116 116 116 116 116 116 116 116 116 116 116 116 116 116 116 116 116 116 116 116 116
  CH4(PC3): base=116 noise=10 thr=3 | 117 115 114 113 113 113 114 115 116 118 119 121 121 122 121 120 118 117 115 113 112 112 112 113 114 115 117 119 121 122 122 122
  CH5(PA3): base=116 noise=2 thr=3 | 117 117 117 117 117 117 117 117 117 117 117 117 117 117 117 117 118 117 117 117 117 117 117 117 117 117 117 117 117 117 116 117
  CH6(PA4): base=116 noise=0 thr=3 | 116 116 116 116 116 116 116 116 116 116 116 116 116 116 116 116 116 116 116 116 116 116 116 116 116 116 116 116 116 116 116 116
[#16385] T=8192s 503ms 0us | HT=2083315 TC=2083323 drop=0
  CH1(PC0): base=117 noise=0 thr=3 | 117 117 117 117 117 117 117 117 117 117 117 117 117 117 117 117 117 117 117 117 117 117 117 117 117 117 117 117 117 117 117 117
  CH2(PC1): base=117 noise=0 thr=3 | 117 117 117 117 117 117 117 117 117 117 117 117 117 117 117 117 117 117 117 117 117 117 117 117 117 117 117 117 117 117 117 117
  CH3(PC2): base=116 noise=0 thr=3 | 116 116 116 116 116 116 116 116 116 116 116 116 116 116 116 116 116 116 116 116 116 116 116 116 116 116 116 116 116 116 116 116
  CH4(PC3): base=117 noise=0 thr=3 | 117 117 117 117 117 117 117 117 117 117 117 117 117 117 117 117 117 117 117 117 117 117 117 117 117 117 117 117 117 117 117 117
  CH5(PA3): base=117 noise=0 thr=3 | 117 117 117 117 117 117 117 117 117 117 117 117 117 117 117 117 117 117 117 117 117 117 117 117 117 117 117 117 117 117 117 117
  CH6(PA4): base=116 noise=0 thr=3 | 116 116 116 116 116 116 116 116 116 116 116 116 116 116 116 116 116 116 116 116 116 116 116 116 116 116 116 116 116 116 116 116
[#16386] T=8193s 3ms 0us | HT=2083442 TC=2083450 drop=0
  CH1(PC0): base=117 noise=0 thr=3 | 117 117 117 117 117 117 117 117 117 117 117 117 117 117 117 117 117 117 117 117 117 117 117 117 117 117 117 117 117 117 117 117
  CH2(PC1): base=117 noise=0 thr=3 | 117 117 117 117 117 117 117 117 117 117 117 117 117 117 117 117 117 117 117 117 117 117 117 117 117 117 117 117 117 117 117 117
  CH3(PC2): base=116 noise=0 thr=3 | 116 116 116 116 116 116 116 116 116 116 116 116 116 116 116 116 116 116 116 116 116 116 116 116 116 116 116 116 116 116 116 116
  CH4(PC3): base=117 noise=0 thr=3 | 117 117 117 117 117 117 117 117 117 117 117 117 117 117 117 117 117 117 117 117 117 117 117 117 117 117 117 117 117 117 117 117
  CH5(PA3): base=116 noise=1 thr=3 | 117 116 117 117 117 117 117 116 116 117 117 117 117 117 117 117 116 117 117 117 117 117 117 117 116 117 117 117 117 117 117 117
  CH6(PA4): base=116 noise=0 thr=3 | 116 116 116 116 116 116 116 116 116 116 116 116 116 116 116 116 116 116 116 116 116 116 116 116 116 116 116 116 116 116 116 116
[#16387] T=8193s 503ms 0us | HT=2083569 TC=2083577 drop=0
  CH1(PC0): base=117 noise=0 thr=3 | 117 117 117 117 117 117 117 117 117 117 117 117 117 117 117 117 117 117 117 117 117 117 117 117 117 117 117 117 117 117 117 117
  CH2(PC1): base=116 noise=1 thr=3 | 117 116 116 116 116 116 117 117 117 117 117 117 117 117 117 117 117 116 116 117 117 117 117 117 117 116 116 117 117 117 117 117
  CH3(PC2): base=115 noise=2 thr=3 | 116 116 116 116 116 116 116 116 116 116 116 116 116 116 116 116 116 116 116 116 116 116 116 116 116 116 116 116 116 116 116 116
  CH4(PC3): base=116 noise=1 thr=3 | 117 116 117 116 117 117 117 117 117 117 117 117 117 117 117 117 117 117 117 117 117 117 117 117 116 117 117 117 117 117 117 117
  CH5(PA3): base=116 noise=1 thr=3 | 116 116 116 116 116 116 117 117 117 117 117 117 117 117 117 117 116 117 116 117 116 117 117 117 116 116 117 116 117 117 117 117
  CH6(PA4): base=115 noise=1 thr=3 | 115 116 116 116 116 116 116 116 116 116 116 116 116 116 116 116 116 116 116 116 116 116 116 116 116 116 116 116 116 116 116 116
[#16388] T=8194s 3ms 0us | HT=2083696 TC=2083705 drop=0
  CH1(PC0): base=117 noise=0 thr=3 | 117 117 117 117 117 117 117 117 117 117 117 117 117 117 117 117 117 117 117 117 117 117 117 117 117 117 117 117 117 117 117 117
  CH2(PC1): base=117 noise=0 thr=3 | 117 117 117 117 117 117 117 117 117 117 117 117 117 117 117 117 117 117 117 117 117 117 117 117 117 117 117 117 117 117 117 117
  CH3(PC2): base=116 noise=0 thr=3 | 116 116 116 116 116 116 116 116 116 116 116 116 116 116 116 116 116 116 116 116 116 116 116 116 116 116 116 116 116 116 116 116
  CH4(PC3): base=117 noise=0 thr=3 | 117 117 117 117 117 117 117 117 117 117 117 117 117 117 117 117 117 117 117 117 117 117 117 117 117 117 117 117 117 117 117 117
  CH5(PA3): base=117 noise=0 thr=3 | 117 117 117 117 117 117 117 117 117 117 117 117 117 117 117 117 117 117 117 117 117 117 117 117 117 117 117 117 117 117 117 117
  CH6(PA4): base=116 noise=0 thr=3 | 116 116 116 116 116 116 116 116 116 116 116 116 116 116 116 116 116 116 116 116 116 116 116 116 116 116 116 116 116 116 116 116
[#16389] T=8194s 503ms 0us | HT=2083823 TC=2083832 drop=0
  CH1(PC0): base=117 noise=0 thr=3 | 117 117 117 117 117 117 117 117 117 117 117 117 117 117 117 117 117 117 117 117 117 117 117 117 117 117 117 117 117 117 117 117
  CH2(PC1): base=117 noise=0 thr=3 | 117 117 117 117 117 117 117 117 117 117 117 117 117 117 117 117 117 117 117 117 117 117 117 117 117 117 117 117 117 117 117 117
  CH3(PC2): base=116 noise=0 thr=3 | 116 116 116 116 116 116 116 116 116 116 116 116 116 116 116 116 116 116 116 116 116 116 116 116 116 116 116 116 116 116 116 116
  CH4(PC3): base=117 noise=0 thr=3 | 117 117 117 117 117 117 117 117 117 117 117 117 117 117 117 117 117 117 117 117 117 117 117 117 117 117 117 117 117 117 117 117
  CH5(PA3): base=117 noise=0 thr=3 | 117 117 117 117 117 117 117 117 117 117 117 117 117 117 117 117 117 117 117 117 117 117 117 117 117 117 117 117 117 117 117 117
  CH6(PA4): base=116 noise=0 thr=3 | 116 116 116 116 116 116 116 116 116 116 116 116 116 116 116 116 116 116 116 116 116 116 116 116 116 116 116 116 116 116 116 116
[BENCH] 1024pt freq=40000.0 Hz | Full=384.89 us | CFFT=459.33 us (220480 cyc) | RFFT=238.18 us (114327 cyc) | CPU=480MHz rfft_init=1
[#16390] T=8195s 3ms 0us | HT=2083950 TC=2083959 drop=0
  CH1(PC0): base=116 noise=3 thr=3 | 117 117 117 117 117 117 117 117 117 117 117 117 117 117 117 117 117 118 117 117 117 117 117 117 115 117 117 117 117 117 117 117
  CH2(PC1): base=116 noise=1 thr=3 | 117 117 117 117 117 116 117 117 117 117 117 117 117 117 117 117 117 117 117 117 117 117 117 117 117 117 117 117 117 117 117 117
  CH3(PC2): base=115 noise=1 thr=3 | 116 116 116 116 116 116 116 116 116 116 116 116 116 116 116 116 116 116 116 116 116 116 116 116 116 116 116 116 116 116 116 116
  CH4(PC3): base=116 noise=1 thr=3 | 117 117 117 117 117 117 117 117 117 117 117 117 117 117 117 117 117 117 117 117 116 117 117 117 117 117 117 117 117 117 117 117
  CH5(PA3): base=116 noise=2 thr=3 | 117 116 117 117 117 117 117 117 117 117 117 117 117 117 117 117 117 117 117 117 117 117 117 117 117 117 117 117 117 117 117 117
  CH6(PA4): base=116 noise=1 thr=3 | 116 116 116 116 116 116 116 116 116 116 116 116 116 116 116 116 116 116 116 116 116 116 116 116 116 116 116 116 116 116 116 116
[#16391] T=8195s 503ms 0us | HT=2084078 TC=2084086 drop=0
  CH1(PC0): base=117 noise=0 thr=3 | 117 117 117 117 117 117 117 117 117 117 117 117 117 117 117 117 117 117 117 117 117 117 117 117 117 117 117 117 117 117 117 117
  CH2(PC1): base=117 noise=0 thr=3 | 117 117 117 117 117 117 117 117 117 117 117 117 117 117 117 117 117 117 117 117 117 117 117 117 117 117 117 117 117 117 117 117
  CH3(PC2): base=116 noise=0 thr=3 | 116 116 116 116 116 116 116 116 116 116 116 116 116 116 116 116 116 116 116 116 116 116 116 116 116 116 116 116 116 116 116 116
  CH4(PC3): base=117 noise=0 thr=3 | 117 117 117 117 117 117 117 117 117 117 117 117 117 117 117 117 117 117 117 117 117 117 117 117 117 117 117 117 117 117 117 117
  CH5(PA3): base=117 noise=0 thr=3 | 117 117 117 117 117 117 117 117 117 117 117 117 117 117 117 117 117 117 117 117 117 117 117 117 117 117 117 117 117 117 117 117
  CH6(PA4): base=115 noise=1 thr=3 | 116 116 115 116 116 116 116 116 116 116 116 116 116 116 116 116 116 116 116 116 116 116 116 116 116 116 116 116 116 116 116 116
[#16392] T=8196s 3ms 0us | HT=2084205 TC=2084213 drop=0
  CH1(PC0): base=117 noise=0 thr=3 | 117 117 117 117 117 117 117 117 117 117 117 117 117 117 117 117 117 117 117 117 117 117 117 117 117 117 117 117 117 117 117 117
  CH2(PC1): base=117 noise=0 thr=3 | 117 117 117 117 117 117 117 117 117 117 117 117 117 117 117 117 117 117 117 117 117 117 117 117 117 117 117 117 117 117 117 117
  CH3(PC2): base=116 noise=0 thr=3 | 116 116 116 116 116 116 116 116 116 116 116 116 116 116 116 116 116 116 116 116 116 116 116 116 116 116 116 116 116 116 116 116
  CH4(PC3): base=117 noise=0 thr=3 | 117 117 117 117 117 117 117 117 117 117 117 117 117 117 117 117 117 117 117 117 117 117 117 117 117 117 117 117 117 117 117 117
  CH5(PA3): base=117 noise=0 thr=3 | 117 117 117 117 117 117 117 117 117 116 117 117 117 117 117 117 117 116 117 117 117 117 117 117 117 116 117 117 117 117 117 117
  CH6(PA4): base=116 noise=0 thr=3 | 116 116 116 116 116 116 116 116 116 116 116 116 116 116 116 116 116 116 116 116 116 116 116 116 116 116 116 116 116 116 116 116
[#16393] T=8196s 503ms 0us | HT=2084332 TC=2084340 drop=0
  CH1(PC0): base=116 noise=2 thr=3 | 117 117 117 117 117 117 117 117 117 117 117 117 117 117 117 117 117 117 117 117 117 117 117 117 117 117 117 117 117 117 117 117
  CH2(PC1): base=116 noise=2 thr=3 | 117 117 117 117 117 117 115 117 117 117 117 117 117 117 117 117 117 117 117 117 117 117 117 117 117 117 117 117 117 117 117 117
  CH3(PC2): base=116 noise=3 thr=3 | 116 116 116 116 116 116 116 116 116 116 116 116 116 116 116 116 116 116 118 116 116 116 116 116 116 115 116 116 116 116 116 116
  CH4(PC3): base=116 noise=2 thr=3 | 117 117 117 117 117 117 116 117 117 117 117 117 117 117 117 117 117 117 117 117 117 117 117 117 117 117 117 117 117 117 117 116
  CH5(PA3): base=116 noise=2 thr=3 | 117 116 117 117 117 117 116 117 117 117 117 117 117 116 116 117 117 115 117 117 117 117 116 117 116 117 117 117 117 116 116 116
  CH6(PA4): base=115 noise=1 thr=3 | 116 116 116 116 116 116 116 116 116 116 116 116 116 116 116 116 116 116 116 116 116 115 116 116 116 116 116 116 116 116 116 116
[#16394] T=8197s 3ms 0us | HT=2084459 TC=2084468 drop=0
  CH1(PC0): base=117 noise=0 thr=3 | 117 117 117 117 117 117 117 117 117 117 117 117 117 117 117 117 117 117 117 117 117 117 117 117 117 117 117 117 117 117 117 117
  CH2(PC1): base=117 noise=0 thr=3 | 117 117 117 117 117 117 117 117 117 117 117 117 117 117 117 117 117 117 117 117 117 117 117 117 117 117 117 117 117 117 117 117
  CH3(PC2): base=116 noise=0 thr=3 | 116 116 116 116 116 116 116 116 116 116 116 116 116 116 116 116 116 116 116 116 116 116 116 116 116 116 116 116 116 116 116 116
  CH4(PC3): base=117 noise=0 thr=3 | 117 117 117 117 117 117 117 117 117 117 117 117 117 117 117 117 117 117 117 117 117 117 117 117 117 117 117 117 117 117 117 117
  CH5(PA3): base=117 noise=0 thr=3 | 117 117 117 117 117 117 117 117 117 117 117 117 117 117 117 117 117 117 117 117 117 117 117 117 117 117 117 117 117 117 117 117
  CH6(PA4): base=116 noise=0 thr=3 | 116 116 116 116 116 116 116 116 116 116 116 116 116 116 116 116 116 116 116 116 116 116 116 116 116 116 116 116 116 116 116 116
[#16395] T=8197s 503ms 0us | HT=2084586 TC=2084595 drop=0
  CH1(PC0): base=117 noise=0 thr=3 | 117 117 117 117 117 117 117 117 117 117 117 117 117 117 117 117 117 117 117 117 117 117 117 117 117 117 117 117 117 117 117 117
  CH2(PC1): base=117 noise=0 thr=3 | 117 117 117 117 117 117 117 117 117 117 117 117 117 117 117 117 117 117 117 117 117 117 117 117 117 117 117 117 117 117 117 117
  CH3(PC2): base=116 noise=0 thr=3 | 116 116 116 116 116 116 116 116 116 116 116 116 116 116 116 116 116 116 116 116 116 116 116 116 116 116 116 116 116 116 116 116
  CH4(PC3): base=117 noise=0 thr=3 | 117 117 117 117 117 117 117 117 117 117 117 117 117 117 117 117 117 117 117 117 117 117 117 117 117 117 117 117 117 117 117 117
  CH5(PA3): base=117 noise=0 thr=3 | 117 117 117 117 117 117 117 117 117 117 117 117 117 117 117 117 117 117 117 117 117 117 117 117 117 117 117 117 117 117 117 117
  CH6(PA4): base=116 noise=0 thr=3 | 116 116 116 116 116 116 116 116 116 116 116 116 116 116 116 116 116 116 116 116 116 116 116 116 116 116 116 116 116 116 116 116
[#16396] T=8198s 3ms 0us | HT=2084713 TC=2084722 drop=0
  CH1(PC0): base=117 noise=0 thr=3 | 117 117 117 117 117 117 117 117 117 117 117 117 117 117 117 117 117 117 117 117 117 117 117 117 117 117 117 117 117 117 117 117
  CH2(PC1): base=117 noise=0 thr=3 | 117 117 117 117 117 117 117 117 117 117 117 117 117 117 117 117 117 117 117 117 117 117 117 117 117 117 117 117 117 117 117 117
  CH3(PC2): base=116 noise=0 thr=3 | 116 116 116 116 116 116 116 116 116 116 116 116 116 116 116 116 116 116 116 116 116 116 116 116 116 116 116 116 116 116 116 116
  CH4(PC3): base=117 noise=0 thr=3 | 117 117 117 117 117 117 117 117 117 117 117 117 117 117 117 117 117 117 117 117 117 117 117 117 117 117 117 117 117 117 117 117
  CH5(PA3): base=116 noise=1 thr=3 | 117 117 117 117 117 117 117 117 116 117 117 117 117 117 117 117 117 117 117 117 117 117 117 117 117 117 117 117 117 117 117 117
  CH6(PA4): base=116 noise=0 thr=3 | 116 116 116 116 116 116 116 116 116 116 116 116 116 116 116 116 116 116 116 116 116 116 116 116 116 116 116 116 116 116 116 116
[#16397] T=8198s 503ms 0us | HT=2084840 TC=2084849 drop=0
  CH1(PC0): base=117 noise=0 thr=3 | 117 117 117 117 117 117 117 117 117 117 117 117 117 117 117 117 117 117 117 117 117 117 117 117 117 117 117 117 117 117 117 117
  CH2(PC1): base=117 noise=0 thr=3 | 117 117 117 117 117 117 117 117 117 117 117 117 117 117 117 117 117 117 117 117 117 117 117 117 117 117 117 117 117 117 117 117
  CH3(PC2): base=116 noise=0 thr=3 | 116 116 116 116 116 116 116 116 116 116 116 116 116 116 116 116 116 116 116 116 116 116 116 116 116 116 116 116 116 116 116 116
  CH4(PC3): base=117 noise=0 thr=3 | 117 117 117 117 117 117 117 117 117 117 117 117 117 117 117 117 117 117 117 117 117 117 117 117 117 117 117 117 117 117 117 117
  CH5(PA3): base=117 noise=0 thr=3 | 117 117 117 117 117 117 117 117 117 117 117 117 117 117 117 117 117 117 117 117 117 117 117 117 117 117 117 117 117 117 117 117
  CH6(PA4): base=116 noise=0 thr=3 | 116 116 116 116 116 116 116 116 116 116 116 116 116 116 116 116 116 116 116 116 116 116 116 116 116 116 116 116 116 116 116 116
[#16398] T=8199s 3ms 0us | HT=2084968 TC=2084976 drop=0
  CH1(PC0): base=117 noise=0 thr=3 | 117 117 117 117 117 117 117 117 117 117 117 117 117 117 117 117 117 117 117 117 117 117 117 117 117 117 117 117 117 117 117 117
  CH2(PC1): base=117 noise=0 thr=3 | 117 117 117 117 117 117 117 117 117 117 117 117 117 117 117 117 117 117 117 117 117 117 117 117 117 117 117 117 117 117 117 117
  CH3(PC2): base=116 noise=0 thr=3 | 116 116 116 116 116 116 116 116 116 116 116 116 116 116 116 116 116 116 116 116 116 116 116 116 116 116 116 116 116 116 116 116
  CH4(PC3): base=117 noise=0 thr=3 | 117 117 117 117 117 117 117 117 117 117 117 117 117 117 117 117 117 117 117 117 117 117 117 117 117 117 117 117 117 117 117 117
  CH5(PA3): base=116 noise=1 thr=3 | 117 117 117 117 117 117 117 117 117 117 117 117 117 117 117 117 117 117 117 117 117 116 117 117 117 117 117 117 117 117 117 117
  CH6(PA4): base=116 noise=0 thr=3 | 116 116 116 116 116 116 116 116 116 116 116 116 116 116 116 116 116 116 116 116 116 116 116 116 116 116 116 116 116 116 116 116
[#16399] T=8199s 503ms 0us | HT=2085095 TC=2085103 drop=0
  CH1(PC0): base=116 noise=1 thr=3 | 117 117 117 117 117 117 117 117 117 117 117 117 117 117 117 117 117 117 117 117 117 117 117 117 117 117 117 117 117 116 117 117
  CH2(PC1): base=116 noise=1 thr=3 | 117 117 117 117 117 117 117 117 117 117 117 117 117 117 117 117 117 117 117 117 117 117 117 117 117 117 117 117 117 117 117 116
  CH3(PC2): base=115 noise=2 thr=3 | 116 116 116 116 116 116 116 116 116 116 116 116 116 116 116 116 116 116 116 116 116 116 116 116 116 116 116 116 116 116 116 116
  CH4(PC3): base=117 noise=30 thr=3 | 127 130 132 132 130 126 120 115 110 106 103 102 103 106 110 115 120 125 129 131 131 130 127 122 116 111 107 104 103 103 105 108
  CH5(PA3): base=116 noise=1 thr=3 | 117 116 117 117 117 117 117 117 117 116 116 116 116 117 117 117 116 116 117 117 117 117 117 117 117 117 117 117 117 117 117 117
  CH6(PA4): base=115 noise=1 thr=3 | 116 116 116 116 116 116 116 116 116 116 116 116 116 116 116 116 116 116 115 116 116 116 116 116 116 116 116 116 116 116 116 116
[BENCH] 1024pt freq=40000.0 Hz | Full=382.36 us | CFFT=455.45 us (218620 cyc) | RFFT=236.65 us (113593 cyc) | CPU=480MHz rfft_init=1
[#16400] T=8200s 3ms 0us | HT=2085222 TC=2085230 drop=0
  CH1(PC0): base=117 noise=0 thr=3 | 117 117 117 117 117 117 117 117 117 117 117 117 117 117 117 117 117 116 116 117 117 117 117 117 117 117 116 116 117 117 117 117
  CH2(PC1): base=116 noise=1 thr=3 | 116 116 116 117 117 117 117 117 117 117 116 117 117 117 117 117 117 117 116 117 117 117 117 117 117 117 116 117 117 117 117 117
  CH3(PC2): base=116 noise=0 thr=3 | 116 116 116 116 116 116 116 116 116 116 116 116 116 116 116 116 116 116 116 116 116 116 116 116 116 116 116 116 116 116 116 116
  CH4(PC3): base=117 noise=0 thr=3 | 117 117 117 117 117 117 117 117 117 117 117 117 117 117 117 117 117 117 117 117 117 117 117 117 117 117 117 117 117 117 117 117
  CH5(PA3): base=116 noise=1 thr=3 | 116 116 116 117 117 117 117 117 117 117 116 117 117 117 117 117 117 117 116 117 117 117 117 117 117 116 116 117 117 117 117 117
  CH6(PA4): base=116 noise=0 thr=3 | 116 116 116 116 116 116 116 116 116 116 116 116 116 116 116 116 116 116 116 116 116 116 116 116 116 116 116 116 116 116 116 116
[#16401] T=8200s 503ms 0us | HT=2085349 TC=2085358 drop=0
  CH1(PC0): base=117 noise=0 thr=3 | 117 117 117 117 117 117 117 117 117 117 117 117 117 117 117 117 117 117 117 117 117 117 117 117 117 117 117 117 117 117 117 117
  CH2(PC1): base=117 noise=0 thr=3 | 117 117 117 117 117 117 117 117 117 117 117 117 117 117 117 117 117 117 117 117 117 117 117 117 117 117 117 117 117 117 117 117
  CH3(PC2): base=116 noise=0 thr=3 | 116 116 116 116 116 116 116 116 116 116 116 116 116 116 116 116 116 116 116 116 116 116 116 116 116 116 116 116 116 116 116 116
  CH4(PC3): base=117 noise=0 thr=3 | 117 117 117 117 117 117 117 117 117 117 117 117 117 117 117 117 117 117 117 117 117 117 117 117 117 117 117 117 117 117 117 117
  CH5(PA3): base=117 noise=0 thr=3 | 117 117 117 117 117 117 117 117 117 117 117 117 117 117 117 117 117 117 117 117 117 117 117 117 117 117 117 117 117 117 117 117
  CH6(PA4): base=116 noise=0 thr=3 | 116 116 116 116 116 116 116 116 116 116 116 116 116 116 116 116 116 116 116 116 116 116 116 116 116 116 116 116 116 116 116 116
[#16402] T=8201s 3ms 0us | HT=2085476 TC=2085485 drop=0
  CH1(PC0): base=116 noise=1 thr=3 | 117 117 117 117 117 117 117 117 117 117 117 117 117 116 117 117 117 117 117 117 117 117 117 117 117 117 117 117 117 117 117 117
  CH2(PC1): base=117 noise=1 thr=3 | 117 117 117 117 117 117 117 117 117 117 117 117 117 117 117 118 117 117 117 117 117 117 117 117 117 117 117 117 117 117 117 117
  CH3(PC2): base=116 noise=0 thr=3 | 116 116 116 116 116 116 116 116 116 116 116 116 116 116 116 116 116 116 116 116 116 116 116 116 116 116 116 116 116 116 116 116
  CH4(PC3): base=116 noise=11 thr=3 | 120 119 117 116 114 113 113 113 113 115 116 117 119 120 121 122 122 120 119 117 115 114 112 112 112 112 113 115 117 118 120 122
  CH5(PA3): base=117 noise=0 thr=3 | 117 117 117 117 117 117 117 117 117 117 117 117 117 117 117 117 117 117 117 117 117 117 117 117 117 117 117 117 117 117 117 117
  CH6(PA4): base=115 noise=1 thr=3 | 116 116 116 116 116 116 116 116 116 116 116 116 116 116 116 116 116 116 116 116 116 116 116 116 116 116 116 116 116 116 116 116
[#16403] T=8201s 503ms 0us | HT=2085603 TC=2085612 drop=0
  CH1(PC0): base=117 noise=0 thr=3 | 117 117 117 117 117 117 117 117 117 117 117 117 117 117 117 117 117 117 117 117 117 117 117 117 117 117 117 117 117 117 117 117
  CH2(PC1): base=117 noise=0 thr=3 | 117 117 117 117 117 117 117 117 117 117 117 117 117 117 117 117 117 117 117 117 117 117 117 117 117 117 117 117 117 117 117 117
  CH3(PC2): base=116 noise=0 thr=3 | 116 116 116 116 116 116 116 116 116 116 116 116 116 116 116 116 116 116 116 116 116 116 116 116 116 116 116 116 116 116 116 116
  CH4(PC3): base=117 noise=0 thr=3 | 117 117 117 117 117 117 117 117 117 117 117 117 117 117 117 117 117 117 117 117 117 117 117 117 117 117 117 117 117 117 117 117
  CH5(PA3): base=117 noise=0 thr=3 | 117 117 117 117 117 117 117 117 117 117 117 117 117 117 117 117 117 117 117 117 117 117 117 117 117 117 117 117 117 117 117 117
  CH6(PA4): base=116 noise=0 thr=3 | 116 116 116 116 116 116 116 116 116 116 116 116 116 116 116 116 116 116 116 116 116 116 116 116 116 116 116 116 116 116 116 116
[#16404] T=8202s 3ms 0us | HT=2085731 TC=2085739 drop=0
  CH1(PC0): base=117 noise=0 thr=3 | 117 117 117 117 117 117 117 117 117 117 117 117 117 117 117 117 117 117 117 117 117 117 117 117 117 117 117 117 117 117 117 117
  CH2(PC1): base=117 noise=0 thr=3 | 117 117 117 117 117 117 117 117 117 117 117 117 117 117 117 117 117 117 117 117 117 117 117 117 117 117 117 117 117 117 117 117
  CH3(PC2): base=116 noise=0 thr=3 | 116 116 116 116 116 116 116 116 116 116 116 116 116 116 116 116 116 116 116 116 116 116 116 116 116 116 116 116 116 116 116 116
  CH4(PC3): base=117 noise=0 thr=3 | 117 117 117 117 117 117 117 117 117 117 117 117 117 117 117 117 117 117 117 117 117 117 117 117 117 117 117 117 117 117 117 117
  CH5(PA3): base=117 noise=0 thr=3 | 117 117 117 117 117 117 117 117 117 117 117 117 117 117 117 117 117 117 117 117 117 117 117 117 117 117 117 117 117 117 117 117
  CH6(PA4): base=116 noise=0 thr=3 | 116 116 116 116 116 116 116 116 116 116 116 116 116 116 116 116 116 116 116 116 116 116 116 116 116 116 116 116 116 116 116 116
[#16405] T=8202s 503ms 0us | HT=2085858 TC=2085866 drop=0
  CH1(PC0): base=116 noise=3 thr=3 | 117 117 117 117 117 117 117 117 117 117 117 117 117 117 117 118 117 117 117 117 117 117 117 117 117 117 117 117 117 116 117 117
  CH2(PC1): base=117 noise=0 thr=3 | 117 117 117 117 117 117 117 117 117 117 117 117 117 117 117 117 117 117 117 117 117 117 117 117 117 117 117 117 117 117 117 117
  CH3(PC2): base=116 noise=0 thr=3 | 116 116 116 116 116 116 116 116 116 116 116 116 116 116 116 116 116 116 116 116 116 116 116 116 116 116 116 116 116 116 116 116
  CH4(PC3): base=117 noise=0 thr=3 | 117 117 117 117 117 117 117 117 117 117 117 117 117 117 117 117 117 117 117 117 117 117 117 117 117 117 117 117 117 117 117 117
  CH5(PA3): base=116 noise=1 thr=3 | 117 116 117 117 116 117 117 117 117 117 117 117 117 116 117 117 117 117 117 117 117 116 117 117 117 117 117 117 117 116 117 117
  CH6(PA4): base=116 noise=0 thr=3 | 116 116 116 116 116 116 116 116 116 116 116 116 116 116 116 116 116 116 116 116 116 116 116 116 116 116 116 116 116 116 116 116
[#16406] T=8203s 3ms 0us | HT=2085985 TC=2085993 drop=0
  CH1(PC0): base=117 noise=0 thr=3 | 117 117 117 117 117 117 117 117 117 117 117 117 117 117 117 117 117 117 117 117 117 117 117 117 117 117 117 117 117 117 117 117
  CH2(PC1): base=117 noise=0 thr=3 | 117 117 117 117 117 117 117 117 117 117 117 117 117 117 117 117 117 117 117 117 117 117 117 117 117 117 116 117 117 117 117 117
  CH3(PC2): base=116 noise=0 thr=3 | 116 116 116 116 116 116 116 116 116 116 116 116 116 116 116 116 116 116 116 116 116 116 116 116 116 116 116 116 116 116 116 116
  CH4(PC3): base=116 noise=1 thr=3 | 117 117 117 117 117 117 117 117 117 117 117 117 117 117 117 117 117 117 117 117 117 117 117 117 117 117 117 117 117 117 117 117
  CH5(PA3): base=116 noise=1 thr=3 | 116 116 116 116 117 117 117 117 117 117 116 116 117 117 117 117 117 117 116 117 117 117 117 117 116 116 116 117 117 117 117 117
  CH6(PA4): base=116 noise=0 thr=3 | 116 116 116 116 116 116 116 116 116 116 116 116 116 116 116 116 116 116 116 116 116 116 116 116 116 116 116 116 116 116 116 116
[#16407] T=8203s 503ms 0us | HT=2086112 TC=2086121 drop=0
  CH1(PC0): base=117 noise=0 thr=3 | 117 117 117 117 117 117 117 117 117 117 117 117 117 117 117 117 117 117 117 117 117 117 117 117 117 117 117 117 117 117 117 117
  CH2(PC1): base=117 noise=0 thr=3 | 117 117 117 117 117 117 117 117 117 117 117 117 117 117 117 117 117 117 117 117 117 117 117 117 117 117 117 117 117 117 117 117
  CH3(PC2): base=116 noise=0 thr=3 | 116 116 116 116 116 116 116 116 116 116 116 116 116 116 116 116 116 116 116 116 116 116 116 116 116 116 116 116 116 116 116 116
  CH4(PC3): base=117 noise=0 thr=3 | 117 117 117 117 117 117 117 117 117 117 117 117 117 117 117 117 117 117 117 117 117 117 117 117 117 117 117 117 117 117 117 117
  CH5(PA3): base=117 noise=0 thr=3 | 117 117 117 117 117 117 117 117 117 117 117 117 117 117 117 117 117 117 117 117 117 117 117 117 117 117 117 117 117 117 117 117
  CH6(PA4): base=116 noise=0 thr=3 | 116 116 116 116 116 116 116 116 116 116 116 116 116 116 116 116 116 116 116 116 116 116 116 116 116 116 116 116 116 116 116 116
[#16408] T=8204s 3ms 0us | HT=2086239 TC=2086248 drop=0
  CH1(PC0): base=116 noise=1 thr=3 | 117 117 117 117 117 117 117 117 117 117 117 117 117 117 117 117 117 117 117 117 117 117 117 117 117 117 117 117 117 116 117 117
  CH2(PC1): base=116 noise=2 thr=3 | 117 117 117 115 117 117 117 117 117 117 117 117 117 117 117 117 117 117 117 117 117 117 117 117 117 117 117 117 117 117 117 117
  CH3(PC2): base=116 noise=2 thr=3 | 116 116 116 116 116 116 116 116 116 116 116 116 116 116 116 116 116 116 116 116 116 116 116 116 116 116 116 116 116 116 116 116
  CH4(PC3): base=116 noise=2 thr=3 | 117 117 117 117 117 117 117 117 117 117 117 117 117 117 117 117 117 117 117 117 117 117 117 117 117 118 117 117 117 117 117 117
  CH5(PA3): base=116 noise=1 thr=3 | 117 117 117 117 117 117 116 117 117 117 117 117 117 116 117 117 117 117 116 117 117 117 117 117 117 117 117 117 117 117 117 117
  CH6(PA4): base=115 noise=1 thr=3 | 116 116 116 116 116 116 116 116 116 116 116 116 116 116 116 116 116 116 116 116 116 116 116 116 116 116 116 116 116 116 116 116
[#16409] T=8204s 503ms 0us | HT=2086366 TC=2086375 drop=0
  CH1(PC0): base=116 noise=1 thr=3 | 117 117 117 117 117 117 117 117 117 117 117 117 117 117 117 117 117 117 117 117 117 116 117 117 117 117 117 117 117 117 117 117
  CH2(PC1): base=117 noise=0 thr=3 | 117 117 117 117 117 117 117 117 117 117 117 117 117 117 117 117 117 117 117 117 117 117 117 117 117 117 117 117 117 117 117 117
  CH3(PC2): base=116 noise=0 thr=3 | 116 116 116 116 116 116 116 116 116 116 116 116 116 116 116 116 116 116 116 116 116 116 116 116 116 116 116 116 116 116 116 116
  CH4(PC3): base=117 noise=0 thr=3 | 117 117 117 117 117 117 117 117 117 117 117 117 117 117 117 117 117 117 117 117 117 117 117 117 117 117 117 117 117 117 117 117
  CH5(PA3): base=117 noise=0 thr=3 | 117 117 117 117 117 117 117 117 117 117 117 117 117 117 117 117 117 117 117 117 117 117 117 117 117 117 117 117 117 117 117 117
  CH6(PA4): base=116 noise=0 thr=3 | 116 116 116 116 116 116 116 116 116 116 116 116 116 116 116 116 116 116 116 116 116 116 116 116 116 116 116 116 116 116 116 116
[BENCH] 1024pt freq=40000.0 Hz | Full=381.98 us | CFFT=455.19 us (218492 cyc) | RFFT=237.18 us (113848 cyc) | CPU=480MHz rfft_init=1
[#16410] T=8205s 3ms 0us | HT=2086494 TC=2086502 drop=0
  CH1(PC0): base=117 noise=0 thr=3 | 117 117 117 117 117 117 117 117 117 117 117 117 117 117 117 117 117 117 117 117 117 117 117 117 117 117 117 117 117 117 117 117
  CH2(PC1): base=117 noise=0 thr=3 | 117 117 117 117 117 117 117 117 117 117 117 117 117 117 117 117 117 117 117 117 117 117 117 117 117 117 117 117 117 117 117 117
  CH3(PC2): base=116 noise=0 thr=3 | 116 116 116 116 116 116 116 116 116 116 116 116 116 116 116 116 116 116 116 116 116 116 116 116 116 116 116 116 116 116 116 116
  CH4(PC3): base=117 noise=0 thr=3 | 117 117 117 117 117 117 117 117 117 117 117 117 117 117 117 117 117 117 117 117 117 117 117 117 117 117 117 117 117 117 117 117
  CH5(PA3): base=117 noise=0 thr=3 | 117 117 117 117 117 117 117 117 117 117 117 117 117 117 117 117 117 117 117 117 117 117 117 117 117 117 117 117 117 117 117 117
  CH6(PA4): base=116 noise=0 thr=3 | 116 116 116 116 116 116 116 116 116 116 116 116 116 116 116 116 116 116 116 116 116 116 116 116 116 116 116 116 116 116 116 116
[#16411] T=8205s 503ms 0us | HT=2086621 TC=2086629 drop=0
  CH1(PC0): base=117 noise=3 thr=3 | 117 117 117 117 117 117 117 117 117 117 117 117 117 117 117 117 117 117 117 117 117 117 117 117 117 117 117 117 117 117 117 117
  CH2(PC1): base=117 noise=2 thr=3 | 117 117 117 117 117 117 117 117 117 117 117 117 117 117 117 117 117 117 117 117 117 117 117 117 117 117 117 117 117 117 117 117
  CH3(PC2): base=116 noise=2 thr=3 | 116 116 116 116 116 116 116 116 116 116 118 116 116 116 116 116 116 116 116 116 116 116 116 116 116 116 116 116 116 116 116 116
  CH4(PC3): base=117 noise=2 thr=3 | 117 117 117 117 117 117 117 117 117 117 117 117 117 117 118 117 117 117 117 117 117 117 117 117 117 117 117 117 117 117 117 117
  CH5(PA3): base=116 noise=1 thr=3 | 117 117 116 117 117 117 117 117 117 117 117 117 117 117 117 117 117 117 117 117 117 117 117 117 117 117 117 117 117 117 116 117
  CH6(PA4): base=116 noise=2 thr=3 | 116 116 116 116 116 116 116 116 116 116 116 116 116 116 116 116 116 116 116 116 116 117 116 116 116 116 116 116 115 116 116 116
[#16412] T=8206s 3ms 0us | HT=2086748 TC=2086756 drop=0
  CH1(PC0): base=117 noise=0 thr=3 | 117 117 117 117 117 117 117 117 117 117 117 117 117 117 117 117 117 117 117 117 117 117 117 117 117 117 117 117 117 117 117 117
  CH2(PC1): base=117 noise=0 thr=3 | 117 117 117 117 117 117 117 117 117 117 117 117 117 117 117 117 117 117 117 117 117 117 117 117 117 117 117 117 117 117 117 117
  CH3(PC2): base=116 noise=0 thr=3 | 116 116 116 116 116 116 116 116 116 116 116 116 116 116 116 116 116 116 116 116 116 116 116 116 116 116 116 116 116 116 116 116
  CH4(PC3): base=117 noise=0 thr=3 | 117 117 117 117 117 117 117 117 117 117 117 117 117 117 117 117 117 117 117 117 117 117 117 117 117 117 117 117 117 117 117 117
  CH5(PA3): base=116 noise=1 thr=3 | 117 116 116 116 117 117 117 117 117 117 117 116 117 117 117 117 117 117 117 117 117 117 117 117 117 117 117 116 117 117 117 117
  CH6(PA4): base=116 noise=0 thr=3 | 116 116 116 116 116 116 116 116 116 116 116 116 116 116 116 116 116 116 116 116 116 116 116 116 116 116 116 116 116 116 116 116
[#16413] T=8206s 503ms 0us | HT=2086875 TC=2086883 drop=0
  CH1(PC0): base=117 noise=0 thr=3 | 117 117 117 117 117 117 117 117 117 117 117 117 117 117 117 117 117 117 117 117 117 117 117 117 117 117 117 117 117 117 117 117
  CH2(PC1): base=116 noise=1 thr=3 | 117 117 117 117 117 117 117 117 117 117 117 117 117 117 117 117 117 117 117 117 117 117 117 117 117 117 117 117 117 117 117 117
  CH3(PC2): base=116 noise=0 thr=3 | 116 116 116 116 116 116 116 116 116 116 116 116 116 116 116 116 116 116 116 116 116 116 116 116 116 116 116 116 116 116 116 116
  CH4(PC3): base=117 noise=0 thr=3 | 117 117 117 117 117 117 117 117 117 117 117 117 117 117 117 117 117 117 117 117 117 117 117 117 117 117 117 117 117 117 117 117
  CH5(PA3): base=116 noise=1 thr=3 | 117 117 117 117 117 117 117 117 117 117 117 117 117 117 117 117 117 117 117 117 117 117 117 117 117 117 117 117 117 117 117 117
  CH6(PA4): base=116 noise=0 thr=3 | 116 116 116 116 116 116 116 116 116 116 116 116 116 116 116 116 116 116 116 116 116 116 116 116 116 116 116 116 116 116 116 116
[#16414] T=8207s 3ms 0us | HT=2087002 TC=2087011 drop=0
  CH1(PC0): base=117 noise=0 thr=3 | 117 117 117 117 117 117 117 117 117 117 117 117 117 117 117 117 117 117 117 117 117 117 117 117 117 117 117 117 117 117 117 117
  CH2(PC1): base=116 noise=1 thr=3 | 117 117 117 117 117 117 117 117 117 117 117 117 117 117 117 117 117 117 117 117 117 117 117 117 117 117 117 117 117 117 117 117
  CH3(PC2): base=116 noise=0 thr=3 | 116 116 116 116 116 116 116 116 116 116 116 116 116 116 116 116 116 116 116 116 116 116 116 116 116 116 116 116 116 116 116 116
  CH4(PC3): base=117 noise=0 thr=3 | 117 117 117 117 117 117 117 117 117 117 117 117 117 117 117 117 117 117 117 117 117 117 117 117 117 117 117 117 117 117 117 117
  CH5(PA3): base=117 noise=0 thr=3 | 117 117 117 117 117 117 117 117 117 117 117 117 117 117 117 117 117 117 117 117 117 117 117 117 117 117 117 117 117 117 117 117
  CH6(PA4): base=116 noise=0 thr=3 | 116 116 116 116 116 116 116 116 116 116 116 116 116 116 116 116 116 116 116 116 116 116 116 116 116 116 116 116 116 116 116 116
[#16415] T=8207s 503ms 0us | HT=2087129 TC=2087138 drop=0
  CH1(PC0): base=117 noise=0 thr=3 | 117 117 117 117 117 117 117 117 117 117 117 117 117 117 117 117 117 117 117 117 117 117 117 117 117 117 117 117 117 117 117 117
  CH2(PC1): base=117 noise=0 thr=3 | 117 117 117 117 117 117 117 117 117 117 117 117 117 117 117 117 117 117 117 117 117 117 117 117 117 117 117 117 117 117 117 117
  CH3(PC2): base=116 noise=0 thr=3 | 116 116 116 116 116 116 116 116 116 116 116 116 116 116 116 116 116 116 116 116 116 116 116 116 116 116 116 116 116 116 116 116
  CH4(PC3): base=117 noise=0 thr=3 | 117 117 117 117 117 117 117 117 117 117 117 117 117 117 117 117 117 117 117 117 117 117 117 117 117 117 117 117 117 117 117 117
  CH5(PA3): base=116 noise=1 thr=3 | 117 117 117 117 117 117 117 117 117 117 117 117 117 117 117 117 117 117 117 117 117 117 117 117 117 117 117 117 117 117 117 117
  CH6(PA4): base=116 noise=0 thr=3 | 116 116 116 116 116 116 116 116 116 116 116 116 116 116 116 116 116 116 116 116 116 116 116 116 116 116 116 116 116 116 116 116
[#16416] T=8208s 3ms 0us | HT=2087256 TC=2087265 drop=0
